timestamp,confidence,type
1556844112083,1.0,STILL
1556893250182,1.0,TILTING
1556898268995,0.83,ON_FOOT
1556898268995,0.83,WALKING
1556898268995,0.06,IN_VEHICLE
1556898268995,0.04,STILL
1556898268995,0.02,ON_BICYCLE
1556898268995,0.01,UNKNOWN
1556898268995,0.01,RUNNING
1556898300190,0.76,ON_FOOT
1556898300190,0.76,WALKING
1556898300190,0.11,STILL
1556898300190,0.07,IN_VEHICLE
1556898300190,0.02,UNKNOWN
1556898312799,1.0,TILTING
1556898325408,0.3,UNKNOWN
1556898325408,0.16,STILL
1556898325408,0.13,IN_VEHICLE
1556898325408,0.12,ON_FOOT
1556898325408,0.12,WALKING
1556898325408,0.09,ON_BICYCLE
1556898325408,0.08,RUNNING
1556898347836,1.0,TILTING
1556898370263,0.31,UNKNOWN
1556898370263,0.29,ON_FOOT
1556898370263,0.29,WALKING
1556898370263,0.09,STILL
1556898370263,0.08,IN_VEHICLE
1556898370263,0.08,ON_BICYCLE
1556898370263,0.08,RUNNING
1556898389967,1.0,TILTING
1556898409671,0.33,STILL
1556898409671,0.17,ON_FOOT
1556898409671,0.17,WALKING
1556898409671,0.14,IN_VEHICLE
1556898409671,0.14,ON_BICYCLE
1556898409671,0.12,UNKNOWN
1556898409671,0.03,RUNNING
1556898421988,1.0,TILTING
1556898434305,0.21,STILL
1556898434305,0.21,UNKNOWN
1556898434305,0.19,ON_FOOT
1556898434305,0.19,WALKING
1556898434305,0.14,IN_VEHICLE
1556898434305,0.08,ON_BICYCLE
1556898434305,0.06,RUNNING
1556898448216,0.3,STILL
1556898448216,0.26,ON_FOOT
1556898448216,0.26,WALKING
1556898448216,0.22,IN_VEHICLE
1556898448216,0.04,ON_BICYCLE
1556898448216,0.03,UNKNOWN
1556898462067,0.53,STILL
1556898462067,0.15,ON_FOOT
1556898462067,0.15,WALKING
1556898462067,0.12,ON_BICYCLE
1556898462067,0.11,IN_VEHICLE
1556898462067,0.02,UNKNOWN
1556898484398,0.31,STILL
1556898484398,0.21,UNKNOWN
1556898484398,0.15,IN_VEHICLE
1556898484398,0.1,ON_FOOT
1556898484398,0.1,WALKING
1556898484398,0.09,ON_BICYCLE
1556898484398,0.05,RUNNING
1556898498227,0.79,STILL
1556898498227,0.11,IN_VEHICLE
1556898498227,0.03,UNKNOWN
1556898498227,0.02,ON_FOOT
1556898498227,0.02,WALKING
1556898498227,0.01,ON_BICYCLE
1556898512094,0.5,STILL
1556898512094,0.15,ON_FOOT
1556898512094,0.15,WALKING
1556898512094,0.14,IN_VEHICLE
1556898512094,0.08,ON_BICYCLE
1556898512094,0.01,UNKNOWN
1556898512094,0.01,RUNNING
1556898534475,0.3,STILL
1556898534475,0.21,UNKNOWN
1556898534475,0.16,IN_VEHICLE
1556898534475,0.12,ON_FOOT
1556898534475,0.12,WALKING
1556898534475,0.08,ON_BICYCLE
1556898534475,0.05,RUNNING
1556898549152,0.55,STILL
1556898549152,0.26,IN_VEHICLE
1556898549152,0.08,ON_FOOT
1556898549152,0.08,WALKING
1556898549152,0.03,ON_BICYCLE
1556898549152,0.02,UNKNOWN
1556898562990,0.78,STILL
1556898562990,0.18,IN_VEHICLE
1556898562990,0.02,ON_FOOT
1556898562990,0.02,UNKNOWN
1556898562990,0.02,WALKING
1556898576822,0.55,STILL
1556898576822,0.18,IN_VEHICLE
1556898576822,0.1,ON_BICYCLE
1556898576822,0.09,ON_FOOT
1556898576822,0.09,WALKING
1556898576822,0.01,UNKNOWN
1556898599157,0.31,STILL
1556898599157,0.21,UNKNOWN
1556898599157,0.13,IN_VEHICLE
1556898599157,0.11,ON_FOOT
1556898599157,0.11,WALKING
1556898599157,0.09,ON_BICYCLE
1556898599157,0.05,RUNNING
1556898613090,0.32,STILL
1556898613090,0.3,ON_FOOT
1556898613090,0.3,WALKING
1556898613090,0.19,IN_VEHICLE
1556898613090,0.03,ON_BICYCLE
1556898613090,0.02,UNKNOWN
1556898626962,0.8,STILL
1556898626962,0.1,IN_VEHICLE
1556898626962,0.02,ON_BICYCLE
1556898626962,0.02,ON_FOOT
1556898626962,0.02,WALKING
1556898626962,0.01,UNKNOWN
1556898640826,0.48,STILL
1556898640826,0.19,IN_VEHICLE
1556898640826,0.15,ON_FOOT
1556898640826,0.15,WALKING
1556898640826,0.02,ON_BICYCLE
1556898640826,0.01,UNKNOWN
1556898654685,0.35,STILL
1556898654685,0.27,IN_VEHICLE
1556898654685,0.22,ON_FOOT
1556898654685,0.22,WALKING
1556898654685,0.03,UNKNOWN
1556898654685,0.01,ON_BICYCLE
1556898668545,0.45,STILL
1556898668545,0.18,IN_VEHICLE
1556898668545,0.13,ON_FOOT
1556898668545,0.13,WALKING
1556898668545,0.08,ON_BICYCLE
1556898668545,0.02,UNKNOWN
1556898707953,0.31,UNKNOWN
1556898707953,0.18,STILL
1556898707953,0.14,ON_FOOT
1556898707953,0.14,WALKING
1556898707953,0.1,IN_VEHICLE
1556898707953,0.1,ON_BICYCLE
1556898707953,0.08,RUNNING
1556898747280,0.24,STILL
1556898747280,0.21,UNKNOWN
1556898747280,0.17,ON_FOOT
1556898747280,0.17,WALKING
1556898747280,0.14,IN_VEHICLE
1556898747280,0.09,ON_BICYCLE
1556898747280,0.05,RUNNING
1556898761139,0.54,STILL
1556898761139,0.21,ON_FOOT
1556898761139,0.21,WALKING
1556898761139,0.12,ON_BICYCLE
1556898761139,0.06,IN_VEHICLE
1556898761139,0.02,UNKNOWN
1556898783471,0.33,STILL
1556898783471,0.22,UNKNOWN
1556898783471,0.13,ON_FOOT
1556898783471,0.13,WALKING
1556898783471,0.11,IN_VEHICLE
1556898783471,0.09,ON_BICYCLE
1556898783471,0.05,RUNNING
1556898797364,0.35,STILL
1556898797364,0.31,ON_FOOT
1556898797364,0.31,WALKING
1556898797364,0.11,IN_VEHICLE
1556898797364,0.08,ON_BICYCLE
1556898797364,0.03,UNKNOWN
1556898797364,0.01,RUNNING
1556898811260,0.58,STILL
1556898811260,0.13,ON_FOOT
1556898811260,0.13,WALKING
1556898811260,0.12,IN_VEHICLE
1556898811260,0.06,ON_BICYCLE
1556898811260,0.02,UNKNOWN
1556898825122,0.6,STILL
1556898825122,0.13,ON_FOOT
1556898825122,0.13,WALKING
1556898825122,0.11,IN_VEHICLE
1556898825122,0.07,ON_BICYCLE
1556898825122,0.02,UNKNOWN
1556898838977,0.71,STILL
1556898838977,0.13,ON_FOOT
1556898838977,0.13,WALKING
1556898838977,0.06,IN_VEHICLE
1556898838977,0.05,ON_BICYCLE
1556898838977,0.02,UNKNOWN
1556898852844,0.59,STILL
1556898852844,0.18,ON_FOOT
1556898852844,0.18,WALKING
1556898852844,0.11,ON_BICYCLE
1556898852844,0.05,IN_VEHICLE
1556898852844,0.03,UNKNOWN
1556898868914,0.54,STILL
1556898868914,0.17,ON_FOOT
1556898868914,0.17,WALKING
1556898868914,0.11,IN_VEHICLE
1556898868914,0.06,ON_BICYCLE
1556898868914,0.02,UNKNOWN
1556898868914,0.01,RUNNING
1556898882762,0.68,STILL
1556898882762,0.1,IN_VEHICLE
1556898882762,0.08,ON_FOOT
1556898882762,0.08,WALKING
1556898882762,0.05,ON_BICYCLE
1556898882762,0.02,UNKNOWN
1556898905096,0.25,STILL
1556898905096,0.21,UNKNOWN
1556898905096,0.17,ON_BICYCLE
1556898905096,0.13,IN_VEHICLE
1556898905096,0.11,ON_FOOT
1556898905096,0.11,WALKING
1556898905096,0.05,RUNNING
1556898918948,0.36,STILL
1556898918948,0.2,ON_FOOT
1556898918948,0.2,WALKING
1556898918948,0.15,ON_BICYCLE
1556898918948,0.14,IN_VEHICLE
1556898918948,0.01,UNKNOWN
1556898918948,0.01,RUNNING
1556898932880,0.63,STILL
1556898932880,0.21,IN_VEHICLE
1556898932880,0.07,ON_FOOT
1556898932880,0.07,WALKING
1556898932880,0.02,UNKNOWN
1556898932880,0.01,ON_BICYCLE
1556898946728,0.33,STILL
1556898946728,0.23,IN_VEHICLE
1556898946728,0.19,ON_BICYCLE
1556898946728,0.16,ON_FOOT
1556898946728,0.16,WALKING
1556898946728,0.03,UNKNOWN
1556898960579,0.49,STILL
1556898960579,0.22,ON_FOOT
1556898960579,0.22,WALKING
1556898960579,0.15,ON_BICYCLE
1556898960579,0.06,IN_VEHICLE
1556898960579,0.02,UNKNOWN
1556898974411,0.49,STILL
1556898974411,0.19,ON_FOOT
1556898974411,0.19,WALKING
1556898974411,0.12,IN_VEHICLE
1556898974411,0.09,ON_BICYCLE
1556898974411,0.02,UNKNOWN
1556898988268,0.58,STILL
1556898988268,0.13,ON_FOOT
1556898988268,0.13,WALKING
1556898988268,0.12,IN_VEHICLE
1556898988268,0.09,ON_BICYCLE
1556898988268,0.02,UNKNOWN
1556899002212,0.32,STILL
1556899002212,0.29,ON_FOOT
1556899002212,0.29,WALKING
1556899002212,0.16,IN_VEHICLE
1556899002212,0.08,ON_BICYCLE
1556899002212,0.01,UNKNOWN
1556899002212,0.01,RUNNING
1556899016067,0.37,STILL
1556899016067,0.28,ON_FOOT
1556899016067,0.28,WALKING
1556899016067,0.17,IN_VEHICLE
1556899016067,0.03,ON_BICYCLE
1556899016067,0.03,UNKNOWN
1556899029939,0.5,STILL
1556899029939,0.21,IN_VEHICLE
1556899029939,0.14,ON_FOOT
1556899029939,0.14,WALKING
1556899029939,0.03,ON_BICYCLE
1556899029939,0.01,UNKNOWN
1556899029939,0.01,RUNNING
1556899069247,0.4,UNKNOWN
1556899069247,0.1,IN_VEHICLE
1556899069247,0.1,ON_BICYCLE
1556899069247,0.1,ON_FOOT
1556899069247,0.1,STILL
1556899069247,0.1,WALKING
1556899069247,0.1,RUNNING
1556899109083,0.36,STILL
1556899109083,0.18,IN_VEHICLE
1556899109083,0.15,ON_FOOT
1556899109083,0.15,WALKING
1556899109083,0.11,UNKNOWN
1556899109083,0.1,ON_BICYCLE
1556899109083,0.03,RUNNING
1556899122917,0.51,STILL
1556899122917,0.15,IN_VEHICLE
1556899122917,0.14,ON_FOOT
1556899122917,0.14,WALKING
1556899122917,0.09,ON_BICYCLE
1556899122917,0.02,UNKNOWN
1556899136778,0.62,STILL
1556899136778,0.14,IN_VEHICLE
1556899136778,0.07,ON_FOOT
1556899136778,0.07,WALKING
1556899136778,0.04,ON_BICYCLE
1556899136778,0.02,UNKNOWN
1556899150720,0.69,STILL
1556899150720,0.11,IN_VEHICLE
1556899150720,0.07,ON_FOOT
1556899150720,0.07,WALKING
1556899150720,0.04,ON_BICYCLE
1556899150720,0.02,UNKNOWN
1556899164621,0.69,STILL
1556899164621,0.2,IN_VEHICLE
1556899164621,0.04,ON_FOOT
1556899164621,0.04,WALKING
1556899164621,0.02,UNKNOWN
1556899178486,0.81,STILL
1556899178486,0.09,IN_VEHICLE
1556899178486,0.05,ON_FOOT
1556899178486,0.05,WALKING
1556899178486,0.01,ON_BICYCLE
1556899178486,0.01,UNKNOWN
1556899217771,0.32,IN_VEHICLE
1556899217771,0.21,UNKNOWN
1556899217771,0.15,STILL
1556899217771,0.13,ON_FOOT
1556899217771,0.13,WALKING
1556899217771,0.07,ON_BICYCLE
1556899217771,0.05,RUNNING
1556899265644,0.29,STILL
1556899265644,0.19,ON_FOOT
1556899265644,0.19,WALKING
1556899265644,0.18,UNKNOWN
1556899265644,0.14,IN_VEHICLE
1556899265644,0.08,ON_BICYCLE
1556899265644,0.04,RUNNING
1556899279583,0.39,STILL
1556899279583,0.36,ON_FOOT
1556899279583,0.36,WALKING
1556899279583,0.08,IN_VEHICLE
1556899279583,0.08,ON_BICYCLE
1556899279583,0.02,UNKNOWN
1556899318919,0.4,UNKNOWN
1556899318919,0.1,IN_VEHICLE
1556899318919,0.1,ON_BICYCLE
1556899318919,0.1,ON_FOOT
1556899318919,0.1,STILL
1556899318919,0.1,WALKING
1556899318919,0.1,RUNNING
1556899358263,0.27,STILL
1556899358263,0.21,UNKNOWN
1556899358263,0.18,ON_FOOT
1556899358263,0.18,WALKING
1556899358263,0.11,ON_BICYCLE
1556899358263,0.1,IN_VEHICLE
1556899358263,0.05,RUNNING
1556899372131,0.44,STILL
1556899372131,0.19,IN_VEHICLE
1556899372131,0.15,ON_FOOT
1556899372131,0.15,WALKING
1556899372131,0.11,ON_BICYCLE
1556899372131,0.02,UNKNOWN
1556899386024,0.48,STILL
1556899386024,0.22,IN_VEHICLE
1556899386024,0.16,ON_FOOT
1556899386024,0.16,WALKING
1556899386024,0.03,ON_BICYCLE
1556899386024,0.02,UNKNOWN
1556899399879,0.64,STILL
1556899399879,0.23,IN_VEHICLE
1556899399879,0.04,ON_FOOT
1556899399879,0.04,WALKING
1556899399879,0.03,ON_BICYCLE
1556899399879,0.01,UNKNOWN
1556899411045,1.0,TILTING
1556899422211,0.22,STILL
1556899422211,0.22,UNKNOWN
1556899422211,0.21,ON_FOOT
1556899422211,0.21,WALKING
1556899422211,0.11,IN_VEHICLE
1556899422211,0.11,ON_BICYCLE
1556899422211,0.06,RUNNING
1556899444615,0.29,STILL
1556899444615,0.21,UNKNOWN
1556899444615,0.15,IN_VEHICLE
1556899444615,0.12,ON_FOOT
1556899444615,0.12,WALKING
1556899444615,0.08,ON_BICYCLE
1556899444615,0.05,RUNNING
1556899458477,0.55,STILL
1556899458477,0.17,ON_FOOT
1556899458477,0.17,WALKING
1556899458477,0.16,IN_VEHICLE
1556899458477,0.04,ON_BICYCLE
1556899458477,0.01,UNKNOWN
1556899458477,0.01,RUNNING
1556899480820,0.29,STILL
1556899480820,0.22,UNKNOWN
1556899480820,0.13,ON_FOOT
1556899480820,0.13,WALKING
1556899480820,0.12,IN_VEHICLE
1556899480820,0.1,ON_BICYCLE
1556899480820,0.05,RUNNING
1556899494695,0.63,STILL
1556899494695,0.15,IN_VEHICLE
1556899494695,0.1,ON_FOOT
1556899494695,0.1,WALKING
1556899494695,0.03,ON_BICYCLE
1556899494695,0.02,UNKNOWN
1556899508536,0.45,STILL
1556899508536,0.32,IN_VEHICLE
1556899508536,0.14,ON_FOOT
1556899508536,0.14,WALKING
1556899508536,0.02,ON_BICYCLE
1556899508536,0.02,UNKNOWN
1556899522395,0.53,STILL
1556899522395,0.19,IN_VEHICLE
1556899522395,0.07,ON_FOOT
1556899522395,0.07,WALKING
1556899522395,0.03,ON_BICYCLE
1556899522395,0.02,UNKNOWN
1556899536255,0.64,STILL
1556899536255,0.11,IN_VEHICLE
1556899536255,0.11,ON_FOOT
1556899536255,0.11,WALKING
1556899536255,0.04,UNKNOWN
1556899536255,0.03,ON_BICYCLE
1556899550110,0.68,STILL
1556899550110,0.12,ON_FOOT
1556899550110,0.12,WALKING
1556899550110,0.07,IN_VEHICLE
1556899550110,0.05,ON_BICYCLE
1556899550110,0.02,UNKNOWN
1556899563980,0.55,STILL
1556899563980,0.2,ON_FOOT
1556899563980,0.2,WALKING
1556899563980,0.16,IN_VEHICLE
1556899563980,0.03,ON_BICYCLE
1556899563980,0.03,UNKNOWN
1556899577807,0.78,STILL
1556899577807,0.12,ON_FOOT
1556899577807,0.12,WALKING
1556899577807,0.06,IN_VEHICLE
1556899577807,0.02,UNKNOWN
1556899577807,0.01,ON_BICYCLE
1556899591638,0.83,STILL
1556899591638,0.11,ON_FOOT
1556899591638,0.11,WALKING
1556899591638,0.02,IN_VEHICLE
1556899591638,0.01,ON_BICYCLE
1556899591638,0.01,UNKNOWN
1556899605503,0.69,STILL
1556899605503,0.24,ON_FOOT
1556899605503,0.24,WALKING
1556899605503,0.03,UNKNOWN
1556899605503,0.02,ON_BICYCLE
1556899605503,0.01,IN_VEHICLE
1556899619327,0.54,STILL
1556899619327,0.16,ON_FOOT
1556899619327,0.16,WALKING
1556899619327,0.11,IN_VEHICLE
1556899619327,0.07,ON_BICYCLE
1556899619327,0.02,UNKNOWN
1556899633177,0.57,STILL
1556899633177,0.14,IN_VEHICLE
1556899633177,0.11,ON_FOOT
1556899633177,0.11,WALKING
1556899633177,0.04,ON_BICYCLE
1556899633177,0.03,UNKNOWN
1556899647021,0.51,STILL
1556899647021,0.17,IN_VEHICLE
1556899647021,0.14,ON_FOOT
1556899647021,0.14,WALKING
1556899647021,0.08,ON_BICYCLE
1556899647021,0.01,UNKNOWN
1556899660864,0.33,STILL
1556899660864,0.23,ON_BICYCLE
1556899660864,0.2,ON_FOOT
1556899660864,0.2,WALKING
1556899660864,0.15,IN_VEHICLE
1556899660864,0.02,UNKNOWN
1556899672622,0.47,STILL
1556899672622,0.17,IN_VEHICLE
1556899672622,0.14,ON_FOOT
1556899672622,0.14,WALKING
1556899672622,0.12,ON_BICYCLE
1556899672622,0.01,UNKNOWN
1556899686507,0.55,STILL
1556899686507,0.16,IN_VEHICLE
1556899686507,0.06,ON_BICYCLE
1556899686507,0.06,ON_FOOT
1556899686507,0.06,WALKING
1556899686507,0.02,UNKNOWN
1556899700373,0.62,STILL
1556899700373,0.14,IN_VEHICLE
1556899700373,0.08,ON_FOOT
1556899700373,0.08,WALKING
1556899700373,0.04,ON_BICYCLE
1556899700373,0.02,UNKNOWN
1556899714229,0.69,STILL
1556899714229,0.14,ON_FOOT
1556899714229,0.14,WALKING
1556899714229,0.06,IN_VEHICLE
1556899714229,0.04,ON_BICYCLE
1556899714229,0.02,UNKNOWN
1556899728098,1.0,STILL
1556899741931,1.0,STILL
1556899755800,0.72,STILL
1556899755800,0.15,IN_VEHICLE
1556899755800,0.03,ON_FOOT
1556899755800,0.03,WALKING
1556899755800,0.02,UNKNOWN
1556899755800,0.01,ON_BICYCLE
1556899769771,0.52,STILL
1556899769771,0.19,ON_FOOT
1556899769771,0.19,WALKING
1556899769771,0.13,IN_VEHICLE
1556899769771,0.07,ON_BICYCLE
1556899769771,0.02,UNKNOWN
1556899783595,0.56,STILL
1556899783595,0.34,ON_FOOT
1556899783595,0.34,WALKING
1556899783595,0.03,IN_VEHICLE
1556899783595,0.03,UNKNOWN
1556899783595,0.02,ON_BICYCLE
1556899797431,0.74,STILL
1556899797431,0.13,ON_FOOT
1556899797431,0.13,WALKING
1556899797431,0.04,IN_VEHICLE
1556899797431,0.03,ON_BICYCLE
1556899797431,0.02,UNKNOWN
1556899811254,0.64,STILL
1556899811254,0.25,ON_FOOT
1556899811254,0.25,WALKING
1556899811254,0.05,IN_VEHICLE
1556899811254,0.02,ON_BICYCLE
1556899811254,0.02,UNKNOWN
1556899825087,0.62,STILL
1556899825087,0.26,ON_FOOT
1556899825087,0.26,WALKING
1556899825087,0.05,IN_VEHICLE
1556899825087,0.03,ON_BICYCLE
1556899825087,0.02,UNKNOWN
1556899838924,0.62,STILL
1556899838924,0.16,IN_VEHICLE
1556899838924,0.11,ON_FOOT
1556899838924,0.11,WALKING
1556899838924,0.03,ON_BICYCLE
1556899838924,0.01,UNKNOWN
1556899852787,0.53,STILL
1556899852787,0.16,ON_FOOT
1556899852787,0.16,WALKING
1556899852787,0.11,IN_VEHICLE
1556899852787,0.07,ON_BICYCLE
1556899852787,0.02,UNKNOWN
1556899866609,1.0,STILL
1556899880484,0.7,STILL
1556899880484,0.09,IN_VEHICLE
1556899880484,0.09,ON_FOOT
1556899880484,0.09,WALKING
1556899880484,0.03,ON_BICYCLE
1556899880484,0.01,UNKNOWN
1556905036802,1.0,TILTING
1556910193120,1.0,STILL
1556917157672,1.0,STILL
1556924184478,0.28,STILL
1556924184478,0.22,UNKNOWN
1556924184478,0.2,IN_VEHICLE
1556924184478,0.1,ON_FOOT
1556924184478,0.1,WALKING
1556924184478,0.07,ON_BICYCLE
1556924184478,0.05,RUNNING
1556924483654,1.0,STILL
1556848264786,0.36,STILL
1556848264786,0.21,UNKNOWN
1556848264786,0.2,IN_VEHICLE
1556848264786,0.07,ON_FOOT
1556848264786,0.07,WALKING
1556848264786,0.05,ON_BICYCLE
1556848264786,0.05,RUNNING
1556848616595,1.0,STILL
1556850038099,1.0,TILTING
1556851459602,1.0,STILL
1556851495423,1.0,TILTING
1556851531243,0.51,ON_FOOT
1556851531243,0.51,WALKING
1556851531243,0.21,UNKNOWN
1556851531243,0.06,IN_VEHICLE
1556851531243,0.06,ON_BICYCLE
1556851531243,0.06,STILL
1556851531243,0.06,RUNNING
1556851580464,0.31,UNKNOWN
1556851580464,0.15,STILL
1556851580464,0.13,IN_VEHICLE
1556851580464,0.13,ON_FOOT
1556851580464,0.13,WALKING
1556851580464,0.09,ON_BICYCLE
1556851580464,0.08,RUNNING
1556851621199,0.29,IN_VEHICLE
1556851621199,0.21,UNKNOWN
1556851621199,0.16,STILL
1556851621199,0.12,ON_FOOT
1556851621199,0.12,WALKING
1556851621199,0.07,ON_BICYCLE
1556851621199,0.05,RUNNING
1556851636626,1.0,TILTING
1556851652053,0.34,IN_VEHICLE
1556851652053,0.27,UNKNOWN
1556851652053,0.09,STILL
1556851652053,0.08,ON_FOOT
1556851652053,0.08,WALKING
1556851652053,0.07,ON_BICYCLE
1556851652053,0.07,RUNNING
1556851672602,1.0,TILTING
1556851693151,0.28,STILL
1556851693151,0.23,IN_VEHICLE
1556851693151,0.18,ON_FOOT
1556851693151,0.18,WALKING
1556851693151,0.12,UNKNOWN
1556851693151,0.04,ON_BICYCLE
1556851693151,0.03,RUNNING
1556851707007,0.31,STILL
1556851707007,0.27,IN_VEHICLE
1556851707007,0.27,ON_FOOT
1556851707007,0.27,WALKING
1556851707007,0.02,ON_BICYCLE
1556851707007,0.02,UNKNOWN
1556851752072,0.4,UNKNOWN
1556851752072,0.1,IN_VEHICLE
1556851752072,0.1,ON_BICYCLE
1556851752072,0.1,ON_FOOT
1556851752072,0.1,STILL
1556851752072,0.1,WALKING
1556851752072,0.1,RUNNING
1556851800044,0.25,UNKNOWN
1556851800044,0.21,STILL
1556851800044,0.18,IN_VEHICLE
1556851800044,0.12,ON_FOOT
1556851800044,0.12,WALKING
1556851800044,0.07,ON_BICYCLE
1556851800044,0.06,RUNNING
1556851839389,0.31,UNKNOWN
1556851839389,0.15,STILL
1556851839389,0.13,IN_VEHICLE
1556851839389,0.13,ON_FOOT
1556851839389,0.13,WALKING
1556851839389,0.1,ON_BICYCLE
1556851839389,0.08,RUNNING
1556851878811,0.28,STILL
1556851878811,0.21,UNKNOWN
1556851878811,0.18,IN_VEHICLE
1556851878811,0.12,ON_FOOT
1556851878811,0.12,WALKING
1556851878811,0.06,ON_BICYCLE
1556851878811,0.05,RUNNING
1556851892679,0.35,STILL
1556851892679,0.26,IN_VEHICLE
1556851892679,0.25,ON_FOOT
1556851892679,0.25,WALKING
1556851892679,0.02,ON_BICYCLE
1556851892679,0.02,UNKNOWN
1556851915036,0.22,STILL
1556851915036,0.21,UNKNOWN
1556851915036,0.2,IN_VEHICLE
1556851915036,0.18,ON_FOOT
1556851915036,0.18,WALKING
1556851915036,0.06,ON_BICYCLE
1556851915036,0.05,RUNNING
1556851946382,0.27,UNKNOWN
1556851946382,0.18,STILL
1556851946382,0.15,IN_VEHICLE
1556851946382,0.12,ON_FOOT
1556851946382,0.12,WALKING
1556851946382,0.07,ON_BICYCLE
1556851946382,0.07,RUNNING
1556851985715,0.4,UNKNOWN
1556851985715,0.1,IN_VEHICLE
1556851985715,0.1,ON_BICYCLE
1556851985715,0.1,ON_FOOT
1556851985715,0.1,STILL
1556851985715,0.1,WALKING
1556851985715,0.1,RUNNING
1556852025158,0.31,UNKNOWN
1556852025158,0.16,STILL
1556852025158,0.15,ON_FOOT
1556852025158,0.15,WALKING
1556852025158,0.13,IN_VEHICLE
1556852025158,0.08,ON_BICYCLE
1556852025158,0.08,RUNNING
1556852066215,0.31,UNKNOWN
1556852066215,0.22,STILL
1556852066215,0.13,IN_VEHICLE
1556852066215,0.09,ON_FOOT
1556852066215,0.09,WALKING
1556852066215,0.08,ON_BICYCLE
1556852066215,0.08,RUNNING
1556852105875,0.31,UNKNOWN
1556852105875,0.18,STILL
1556852105875,0.15,IN_VEHICLE
1556852105875,0.13,ON_FOOT
1556852105875,0.13,WALKING
1556852105875,0.08,ON_BICYCLE
1556852105875,0.08,RUNNING
1556852145220,0.4,UNKNOWN
1556852145220,0.1,IN_VEHICLE
1556852145220,0.1,ON_BICYCLE
1556852145220,0.1,ON_FOOT
1556852145220,0.1,STILL
1556852145220,0.1,WALKING
1556852145220,0.1,RUNNING
1556852165014,1.0,TILTING
1556852184807,0.31,UNKNOWN
1556852184807,0.18,STILL
1556852184807,0.15,ON_BICYCLE
1556852184807,0.11,ON_FOOT
1556852184807,0.11,WALKING
1556852184807,0.1,IN_VEHICLE
1556852184807,0.08,RUNNING
1556852219167,1.0,TILTING
1556852253527,0.51,STILL
1556852253527,0.16,UNKNOWN
1556852253527,0.09,IN_VEHICLE
1556852253527,0.07,ON_FOOT
1556852253527,0.07,WALKING
1556852253527,0.05,ON_BICYCLE
1556852253527,0.04,RUNNING
1556852489762,0.9,STILL
1556852489762,0.04,ON_FOOT
1556852489762,0.04,WALKING
1556852489762,0.02,IN_VEHICLE
1556852489762,0.02,ON_BICYCLE
1556852489762,0.02,UNKNOWN
1556852608459,0.52,STILL
1556852608459,0.21,UNKNOWN
1556852608459,0.07,ON_FOOT
1556852608459,0.07,WALKING
1556852608459,0.05,IN_VEHICLE
1556852608459,0.05,ON_BICYCLE
1556852608459,0.05,RUNNING
1556852622353,0.81,STILL
1556852622353,0.18,ON_FOOT
1556852622353,0.18,WALKING
1556852622353,0.01,IN_VEHICLE
1556852636224,1.0,STILL
1556852650065,1.0,STILL
1556852663876,0.94,STILL
1556852663876,0.04,ON_FOOT
1556852663876,0.04,WALKING
1556852663876,0.02,UNKNOWN
1556852677687,1.0,STILL
1556852691500,1.0,STILL
1556852705352,1.0,STILL
1556852719162,1.0,STILL
1556852732981,1.0,STILL
1556852746833,1.0,STILL
1556852760701,0.59,STILL
1556852760701,0.22,IN_VEHICLE
1556852760701,0.07,ON_FOOT
1556852760701,0.07,WALKING
1556852760701,0.03,UNKNOWN
1556852760701,0.02,ON_BICYCLE
1556852771855,1.0,TILTING
1556852783008,0.24,STILL
1556852783008,0.22,IN_VEHICLE
1556852783008,0.22,UNKNOWN
1556852783008,0.09,ON_FOOT
1556852783008,0.09,WALKING
1556852783008,0.07,ON_BICYCLE
1556852783008,0.05,RUNNING
1556852806166,0.3,STILL
1556852806166,0.24,IN_VEHICLE
1556852806166,0.21,ON_FOOT
1556852806166,0.21,WALKING
1556852806166,0.05,ON_BICYCLE
1556852806166,0.02,UNKNOWN
1556852882671,0.55,STILL
1556852882671,0.2,UNKNOWN
1556852882671,0.05,IN_VEHICLE
1556852882671,0.05,ON_BICYCLE
1556852882671,0.05,ON_FOOT
1556852882671,0.05,WALKING
1556852882671,0.05,RUNNING
1556852896503,0.92,STILL
1556852896503,0.03,ON_BICYCLE
1556852896503,0.02,IN_VEHICLE
1556852896503,0.01,ON_FOOT
1556852896503,0.01,UNKNOWN
1556852896503,0.01,WALKING
1556852930533,0.4,UNKNOWN
1556852930533,0.1,IN_VEHICLE
1556852930533,0.1,ON_BICYCLE
1556852930533,0.1,ON_FOOT
1556852930533,0.1,STILL
1556852930533,0.1,WALKING
1556852930533,0.1,RUNNING
1556852987064,0.5,STILL
1556852987064,0.16,UNKNOWN
1556852987064,0.09,IN_VEHICLE
1556852987064,0.09,ON_FOOT
1556852987064,0.09,WALKING
1556852987064,0.05,ON_BICYCLE
1556852987064,0.04,RUNNING
1556852991054,1.0,STILL
1556852994940,1.0,STILL
1556852998972,1.0,STILL
1556853002976,1.0,STILL
1556853006946,1.0,STILL
1556853010986,1.0,STILL
1556853014936,1.0,STILL
1556853018996,1.0,STILL
1556853022941,1.0,STILL
1556853026967,1.0,STILL
1556853030964,1.0,STILL
1556853034955,1.0,STILL
1556853038878,1.0,STILL
1556853042894,1.0,STILL
1556853046913,1.0,STILL
1556853050904,1.0,STILL
1556853055002,1.0,STILL
1556853059274,1.0,STILL
1556853063460,1.0,STILL
1556853067940,1.0,STILL
1556853071978,1.0,STILL
1556853075936,1.0,STILL
1556853079930,1.0,STILL
1556853083943,0.94,STILL
1556853083943,0.02,ON_FOOT
1556853083943,0.02,UNKNOWN
1556853083943,0.02,WALKING
1556853083943,0.01,IN_VEHICLE
1556853083943,0.01,ON_BICYCLE
1556853087922,1.0,STILL
1556853091971,1.0,STILL
1556853095941,0.78,STILL
1556853095941,0.11,IN_VEHICLE
1556853095941,0.03,ON_FOOT
1556853095941,0.03,WALKING
1556853095941,0.02,UNKNOWN
1556853095941,0.01,ON_BICYCLE
1556853099970,0.31,STILL
1556853099970,0.27,IN_VEHICLE
1556853099970,0.16,ON_FOOT
1556853099970,0.16,WALKING
1556853099970,0.07,ON_BICYCLE
1556853099970,0.03,UNKNOWN
1556853113087,0.45,STILL
1556853113087,0.21,UNKNOWN
1556853113087,0.11,IN_VEHICLE
1556853113087,0.07,ON_FOOT
1556853113087,0.07,WALKING
1556853113087,0.06,ON_BICYCLE
1556853113087,0.05,RUNNING
1556853493046,1.0,STILL
1556854055209,0.33,STILL
1556854055209,0.3,UNKNOWN
1556854055209,0.08,IN_VEHICLE
1556854055209,0.08,ON_BICYCLE
1556854055209,0.08,ON_FOOT
1556854055209,0.08,WALKING
1556854055209,0.08,RUNNING
1556854101937,1.0,TILTING
1556854148665,0.32,ON_FOOT
1556854148665,0.32,WALKING
1556854148665,0.31,UNKNOWN
1556854148665,0.08,IN_VEHICLE
1556854148665,0.08,ON_BICYCLE
1556854148665,0.08,STILL
1556854148665,0.08,RUNNING
1556854185732,1.0,TILTING
1556854222798,0.62,STILL
1556854222798,0.16,UNKNOWN
1556854222798,0.06,ON_FOOT
1556854222798,0.06,WALKING
1556854222798,0.04,IN_VEHICLE
1556854222798,0.04,ON_BICYCLE
1556854222798,0.04,RUNNING
1556854239474,1.0,TILTING
1556854256150,0.4,UNKNOWN
1556854256150,0.1,IN_VEHICLE
1556854256150,0.1,ON_BICYCLE
1556854256150,0.1,ON_FOOT
1556854256150,0.1,STILL
1556854256150,0.1,WALKING
1556854256150,0.1,RUNNING
1556854289291,0.31,UNKNOWN
1556854289291,0.17,STILL
1556854289291,0.13,IN_VEHICLE
1556854289291,0.12,ON_FOOT
1556854289291,0.12,WALKING
1556854289291,0.08,ON_BICYCLE
1556854289291,0.08,RUNNING
1556854309452,0.36,STILL
1556854309452,0.17,ON_FOOT
1556854309452,0.17,WALKING
1556854309452,0.16,IN_VEHICLE
1556854309452,0.12,UNKNOWN
1556854309452,0.04,ON_BICYCLE
1556854309452,0.03,RUNNING
1556854313938,0.45,STILL
1556854313938,0.21,IN_VEHICLE
1556854313938,0.12,ON_FOOT
1556854313938,0.12,WALKING
1556854313938,0.02,ON_BICYCLE
1556854313938,0.02,UNKNOWN
1556854327806,0.47,STILL
1556854327806,0.23,IN_VEHICLE
1556854327806,0.18,ON_FOOT
1556854327806,0.18,WALKING
1556854327806,0.03,UNKNOWN
1556854327806,0.02,ON_BICYCLE
1556854342862,1.0,TILTING
1556854357917,0.44,ON_FOOT
1556854357917,0.44,WALKING
1556854357917,0.21,UNKNOWN
1556854357917,0.09,STILL
1556854357917,0.08,IN_VEHICLE
1556854357917,0.06,ON_BICYCLE
1556854357917,0.06,RUNNING
1556854365957,1.0,TILTING
1556854373997,0.87,ON_FOOT
1556854373997,0.87,WALKING
1556854373997,0.03,IN_VEHICLE
1556854373997,0.03,STILL
1556854373997,0.02,ON_BICYCLE
1556854373997,0.02,UNKNOWN
1556854373997,0.02,RUNNING
1556854378845,0.96,ON_FOOT
1556854378845,0.96,WALKING
1556854378845,0.03,UNKNOWN
1556854378845,0.01,RUNNING
1556854383353,1.0,TILTING
1556854387861,0.54,ON_FOOT
1556854387861,0.54,WALKING
1556854387861,0.21,UNKNOWN
1556854387861,0.06,ON_BICYCLE
1556854387861,0.06,STILL
1556854387861,0.05,IN_VEHICLE
1556854387861,0.05,RUNNING
1556854396287,1.0,TILTING
1556854404712,0.91,ON_FOOT
1556854404712,0.91,WALKING
1556854404712,0.03,UNKNOWN
1556854404712,0.02,IN_VEHICLE
1556854404712,0.02,STILL
1556854404712,0.01,ON_BICYCLE
1556854440297,0.54,ON_FOOT
1556854440297,0.54,WALKING
1556854440297,0.21,UNKNOWN
1556854440297,0.06,RUNNING
1556854440297,0.05,IN_VEHICLE
1556854440297,0.05,ON_BICYCLE
1556854440297,0.05,STILL
1556854444811,0.88,ON_FOOT
1556854444811,0.88,WALKING
1556854444811,0.03,ON_BICYCLE
1556854444811,0.03,RUNNING
1556854444811,0.02,IN_VEHICLE
1556854444811,0.02,STILL
1556854444811,0.01,UNKNOWN
1556854448938,0.97,ON_FOOT
1556854448938,0.97,WALKING
1556854448938,0.02,UNKNOWN
1556854448938,0.01,RUNNING
1556854455212,1.0,TILTING
1556854461485,0.55,ON_FOOT
1556854461485,0.55,WALKING
1556854461485,0.21,UNKNOWN
1556854461485,0.05,IN_VEHICLE
1556854461485,0.05,ON_BICYCLE
1556854461485,0.05,STILL
1556854461485,0.05,RUNNING
1556854475331,1.0,TILTING
1556854489177,0.89,ON_FOOT
1556854489177,0.89,WALKING
1556854489177,0.02,IN_VEHICLE
1556854489177,0.02,ON_BICYCLE
1556854489177,0.02,STILL
1556854489177,0.02,UNKNOWN
1556854489177,0.02,RUNNING
1556854493090,0.83,ON_FOOT
1556854493090,0.83,WALKING
1556854493090,0.04,ON_BICYCLE
1556854493090,0.04,STILL
1556854493090,0.03,IN_VEHICLE
1556854493090,0.02,UNKNOWN
1556854493090,0.02,RUNNING
1556854496993,0.9,ON_FOOT
1556854496993,0.9,WALKING
1556854496993,0.03,IN_VEHICLE
1556854496993,0.02,ON_BICYCLE
1556854496993,0.02,UNKNOWN
1556854496993,0.01,STILL
1556854496993,0.01,RUNNING
1556854500649,0.95,ON_FOOT
1556854500649,0.95,WALKING
1556854500649,0.02,UNKNOWN
1556854500649,0.01,IN_VEHICLE
1556854500649,0.01,STILL
1556854500649,0.01,RUNNING
1556854504996,0.92,ON_FOOT
1556854504996,0.92,WALKING
1556854504996,0.02,IN_VEHICLE
1556854504996,0.02,STILL
1556854504996,0.02,UNKNOWN
1556854504996,0.01,ON_BICYCLE
1556854508981,0.88,ON_FOOT
1556854508981,0.88,WALKING
1556854508981,0.03,UNKNOWN
1556854508981,0.03,RUNNING
1556854508981,0.02,ON_BICYCLE
1556854508981,0.02,STILL
1556854508981,0.01,IN_VEHICLE
1556854510991,1.0,TILTING
1556854513001,0.96,ON_FOOT
1556854513001,0.96,WALKING
1556854513001,0.02,STILL
1556854513001,0.01,UNKNOWN
1556854513001,0.01,RUNNING
1556854514999,1.0,TILTING
1556854516997,0.86,ON_FOOT
1556854516997,0.86,WALKING
1556854516997,0.03,IN_VEHICLE
1556854516997,0.03,STILL
1556854516997,0.02,ON_BICYCLE
1556854516997,0.02,UNKNOWN
1556854516997,0.02,RUNNING
1556854520971,0.97,ON_FOOT
1556854520971,0.97,WALKING
1556854520971,0.02,UNKNOWN
1556854520971,0.01,RUNNING
1556854525002,0.95,ON_FOOT
1556854525002,0.95,WALKING
1556854525002,0.02,UNKNOWN
1556854525002,0.01,IN_VEHICLE
1556854525002,0.01,STILL
1556854525002,0.01,RUNNING
1556854528983,0.95,ON_FOOT
1556854528983,0.95,WALKING
1556854528983,0.02,UNKNOWN
1556854528983,0.02,RUNNING
1556854528983,0.01,ON_BICYCLE
1556854532986,0.96,ON_FOOT
1556854532986,0.96,WALKING
1556854532986,0.02,UNKNOWN
1556854532986,0.02,RUNNING
1556854551005,0.98,ON_FOOT
1556854551005,0.98,WALKING
1556854551005,0.02,RUNNING
1556854685643,0.92,ON_FOOT
1556854685643,0.92,WALKING
1556854685643,0.02,UNKNOWN
1556854685643,0.02,RUNNING
1556854685643,0.01,IN_VEHICLE
1556854685643,0.01,ON_BICYCLE
1556854685643,0.01,STILL
1556854689447,0.96,ON_FOOT
1556854689447,0.96,WALKING
1556854689447,0.02,UNKNOWN
1556854689447,0.02,RUNNING
1556854691493,1.0,TILTING
1556854693539,0.93,ON_FOOT
1556854693539,0.93,WALKING
1556854693539,0.03,UNKNOWN
1556854693539,0.02,STILL
1556854693539,0.01,ON_BICYCLE
1556854693539,0.01,RUNNING
1556854715751,1.0,TILTING
1556854737963,0.91,ON_FOOT
1556854737963,0.91,WALKING
1556854737963,0.04,RUNNING
1556854737963,0.02,ON_BICYCLE
1556854737963,0.02,UNKNOWN
1556854737963,0.01,STILL
1556854755240,0.84,ON_FOOT
1556854755240,0.84,WALKING
1556854755240,0.05,IN_VEHICLE
1556854755240,0.03,ON_BICYCLE
1556854755240,0.03,UNKNOWN
1556854755240,0.02,STILL
1556854755240,0.02,RUNNING
1556854759292,0.97,ON_FOOT
1556854759292,0.97,WALKING
1556854759292,0.02,UNKNOWN
1556854759292,0.01,RUNNING
1556854763327,0.89,ON_FOOT
1556854763327,0.89,WALKING
1556854763327,0.03,STILL
1556854763327,0.02,IN_VEHICLE
1556854763327,0.02,UNKNOWN
1556854763327,0.02,RUNNING
1556854763327,0.01,ON_BICYCLE
1556854766989,0.95,ON_FOOT
1556854766989,0.95,WALKING
1556854766989,0.02,UNKNOWN
1556854766989,0.01,IN_VEHICLE
1556854766989,0.01,ON_BICYCLE
1556854766989,0.01,RUNNING
1556854770946,0.89,ON_FOOT
1556854770946,0.89,WALKING
1556854770946,0.02,IN_VEHICLE
1556854770946,0.02,ON_BICYCLE
1556854770946,0.02,STILL
1556854770946,0.02,UNKNOWN
1556854770946,0.02,RUNNING
1556854772963,1.0,TILTING
1556854774980,0.97,ON_FOOT
1556854774980,0.97,WALKING
1556854774980,0.02,UNKNOWN
1556854774980,0.01,STILL
1556854778978,0.91,ON_FOOT
1556854778978,0.91,WALKING
1556854778978,0.04,STILL
1556854778978,0.02,UNKNOWN
1556854778978,0.01,IN_VEHICLE
1556854778978,0.01,ON_BICYCLE
1556854778978,0.01,RUNNING
1556854782995,0.94,ON_FOOT
1556854782995,0.94,WALKING
1556854782995,0.04,RUNNING
1556854782995,0.02,UNKNOWN
1556854798905,1.0,TILTING
1556854814815,0.84,ON_FOOT
1556854814815,0.84,WALKING
1556854814815,0.08,STILL
1556854814815,0.02,ON_BICYCLE
1556854814815,0.02,UNKNOWN
1556854814815,0.02,RUNNING
1556854814815,0.01,IN_VEHICLE
1556854858940,0.93,ON_FOOT
1556854858940,0.93,WALKING
1556854858940,0.06,RUNNING
1556854858940,0.01,UNKNOWN
1556854872683,1.0,TILTING
1556854886426,0.91,ON_FOOT
1556854886426,0.91,WALKING
1556854886426,0.02,ON_BICYCLE
1556854886426,0.02,STILL
1556854886426,0.02,UNKNOWN
1556854886426,0.02,RUNNING
1556854886426,0.01,IN_VEHICLE
1556854890633,0.8,ON_FOOT
1556854890633,0.8,WALKING
1556854890633,0.09,STILL
1556854890633,0.03,IN_VEHICLE
1556854890633,0.03,ON_BICYCLE
1556854890633,0.02,UNKNOWN
1556854890633,0.01,RUNNING
1556854920477,0.4,UNKNOWN
1556854920477,0.1,IN_VEHICLE
1556854920477,0.1,ON_BICYCLE
1556854920477,0.1,ON_FOOT
1556854920477,0.1,STILL
1556854920477,0.1,WALKING
1556854920477,0.1,RUNNING
1556854960979,0.57,ON_FOOT
1556854960979,0.57,WALKING
1556854960979,0.18,UNKNOWN
1556854960979,0.06,ON_BICYCLE
1556854960979,0.06,STILL
1556854960979,0.06,RUNNING
1556854960979,0.04,IN_VEHICLE
1556854962992,1.0,TILTING
1556854965004,0.99,ON_FOOT
1556854965004,0.99,WALKING
1556854965004,0.01,UNKNOWN
1556854968953,0.76,ON_FOOT
1556854968953,0.76,WALKING
1556854968953,0.19,STILL
1556854968953,0.02,UNKNOWN
1556854968953,0.01,IN_VEHICLE
1556854968953,0.01,ON_BICYCLE
1556854972831,0.96,ON_FOOT
1556854972831,0.96,WALKING
1556854972831,0.02,UNKNOWN
1556854972831,0.01,ON_BICYCLE
1556854972831,0.01,STILL
1556855031735,1.0,TILTING
1556855090639,0.43,STILL
1556855090639,0.19,IN_VEHICLE
1556855090639,0.12,UNKNOWN
1556855090639,0.1,ON_FOOT
1556855090639,0.1,WALKING
1556855090639,0.04,ON_BICYCLE
1556855090639,0.03,RUNNING
1556855185187,0.32,IN_VEHICLE
1556855185187,0.3,UNKNOWN
1556855185187,0.08,ON_BICYCLE
1556855185187,0.08,ON_FOOT
1556855185187,0.08,STILL
1556855185187,0.08,WALKING
1556855185187,0.08,RUNNING
1556855206313,1.0,TILTING
1556855227438,0.73,ON_FOOT
1556855227438,0.73,WALKING
1556855227438,0.11,UNKNOWN
1556855227438,0.04,ON_BICYCLE
1556855227438,0.04,STILL
1556855227438,0.03,IN_VEHICLE
1556855227438,0.03,RUNNING
1556855237311,1.0,TILTING
1556855247183,0.5,ON_FOOT
1556855247183,0.5,WALKING
1556855247183,0.21,UNKNOWN
1556855247183,0.06,IN_VEHICLE
1556855247183,0.06,ON_BICYCLE
1556855247183,0.06,STILL
1556855247183,0.06,RUNNING
1556855251004,0.83,ON_FOOT
1556855251004,0.83,WALKING
1556855251004,0.05,IN_VEHICLE
1556855251004,0.04,ON_BICYCLE
1556855251004,0.04,STILL
1556855251004,0.02,UNKNOWN
1556855251004,0.01,RUNNING
1556855254957,0.97,ON_FOOT
1556855254957,0.97,WALKING
1556855254957,0.02,RUNNING
1556855254957,0.01,UNKNOWN
1556855261236,1.0,TILTING
1556855267515,0.51,ON_FOOT
1556855267515,0.51,WALKING
1556855267515,0.21,UNKNOWN
1556855267515,0.07,ON_BICYCLE
1556855267515,0.06,IN_VEHICLE
1556855267515,0.06,STILL
1556855267515,0.05,RUNNING
1556855292361,1.0,TILTING
1556855317207,0.88,ON_FOOT
1556855317207,0.88,WALKING
1556855317207,0.06,IN_VEHICLE
1556855317207,0.02,STILL
1556855317207,0.02,UNKNOWN
1556855317207,0.01,ON_BICYCLE
1556855319072,1.0,TILTING
1556855320936,0.96,ON_FOOT
1556855320936,0.96,WALKING
1556855320936,0.02,UNKNOWN
1556855320936,0.01,STILL
1556855320936,0.01,RUNNING
1556855322947,1.0,TILTING
1556855324958,0.97,ON_FOOT
1556855324958,0.97,WALKING
1556855324958,0.02,STILL
1556855324958,0.01,UNKNOWN
1556855350816,1.0,TILTING
1556855376674,0.25,STILL
1556855376674,0.18,IN_VEHICLE
1556855376674,0.17,UNKNOWN
1556855376674,0.15,ON_FOOT
1556855376674,0.15,WALKING
1556855376674,0.09,ON_BICYCLE
1556855376674,0.04,RUNNING
1556855401549,1.0,TILTING
1556855426424,0.24,STILL
1556855426424,0.22,UNKNOWN
1556855426424,0.2,IN_VEHICLE
1556855426424,0.11,ON_FOOT
1556855426424,0.11,WALKING
1556855426424,0.06,ON_BICYCLE
1556855426424,0.05,RUNNING
1556855506270,0.27,ON_FOOT
1556855506270,0.27,WALKING
1556855506270,0.21,STILL
1556855506270,0.17,ON_BICYCLE
1556855506270,0.16,IN_VEHICLE
1556855506270,0.11,UNKNOWN
1556855506270,0.03,RUNNING
1556855529622,1.0,TILTING
1556855552973,0.52,ON_FOOT
1556855552973,0.52,WALKING
1556855552973,0.22,UNKNOWN
1556855552973,0.07,STILL
1556855552973,0.06,RUNNING
1556855552973,0.05,IN_VEHICLE
1556855552973,0.05,ON_BICYCLE
1556855613762,1.0,TILTING
1556855674551,0.94,ON_FOOT
1556855674551,0.94,WALKING
1556855674551,0.03,UNKNOWN
1556855674551,0.02,STILL
1556855674551,0.01,RUNNING
1556855710259,1.0,TILTING
1556855745966,0.31,UNKNOWN
1556855745966,0.16,STILL
1556855745966,0.13,IN_VEHICLE
1556855745966,0.13,ON_FOOT
1556855745966,0.13,WALKING
1556855745966,0.09,ON_BICYCLE
1556855745966,0.08,RUNNING
1556855759593,1.0,TILTING
1556855773219,0.54,STILL
1556855773219,0.17,UNKNOWN
1556855773219,0.08,IN_VEHICLE
1556855773219,0.07,ON_FOOT
1556855773219,0.07,WALKING
1556855773219,0.04,ON_BICYCLE
1556855773219,0.04,RUNNING
1556855877660,0.31,UNKNOWN
1556855877660,0.21,STILL
1556855877660,0.15,ON_FOOT
1556855877660,0.15,WALKING
1556855877660,0.1,IN_VEHICLE
1556855877660,0.08,ON_BICYCLE
1556855877660,0.08,RUNNING
1556856193690,1.0,STILL
1556856237692,0.46,STILL
1556856237692,0.22,UNKNOWN
1556856237692,0.09,ON_FOOT
1556856237692,0.09,WALKING
1556856237692,0.07,IN_VEHICLE
1556856237692,0.06,ON_BICYCLE
1556856237692,0.05,RUNNING
1556856426542,0.4,STILL
1556856426542,0.31,IN_VEHICLE
1556856426542,0.08,ON_FOOT
1556856426542,0.08,WALKING
1556856426542,0.05,ON_BICYCLE
1556856426542,0.03,UNKNOWN
1556856723659,0.99,STILL
1556856723659,0.01,UNKNOWN
1556856922435,0.93,STILL
1556856922435,0.03,ON_BICYCLE
1556856922435,0.03,UNKNOWN
1556856922435,0.01,ON_FOOT
1556856922435,0.01,WALKING
1556857038383,1.0,STILL
1556857080919,0.53,ON_FOOT
1556857080919,0.53,WALKING
1556857080919,0.17,UNKNOWN
1556857080919,0.08,ON_BICYCLE
1556857080919,0.07,IN_VEHICLE
1556857080919,0.06,STILL
1556857080919,0.05,RUNNING
1556857093892,0.5,ON_FOOT
1556857093892,0.5,WALKING
1556857093892,0.21,UNKNOWN
1556857093892,0.07,STILL
1556857093892,0.06,IN_VEHICLE
1556857093892,0.06,ON_BICYCLE
1556857093892,0.05,RUNNING
1556857121138,0.31,UNKNOWN
1556857121138,0.3,ON_FOOT
1556857121138,0.3,WALKING
1556857121138,0.08,IN_VEHICLE
1556857121138,0.08,ON_BICYCLE
1556857121138,0.08,STILL
1556857121138,0.08,RUNNING
1556857143003,0.89,ON_FOOT
1556857143003,0.89,WALKING
1556857143003,0.02,IN_VEHICLE
1556857143003,0.02,ON_BICYCLE
1556857143003,0.02,STILL
1556857143003,0.02,UNKNOWN
1556857143003,0.02,RUNNING
1556857145340,1.0,TILTING
1556857147676,0.87,ON_FOOT
1556857147676,0.87,WALKING
1556857147676,0.04,STILL
1556857147676,0.03,IN_VEHICLE
1556857147676,0.02,ON_BICYCLE
1556857147676,0.02,UNKNOWN
1556857147676,0.01,RUNNING
1556857171179,1.0,TILTING
1556857194681,0.5,ON_FOOT
1556857194681,0.5,WALKING
1556857194681,0.21,UNKNOWN
1556857194681,0.07,STILL
1556857194681,0.07,RUNNING
1556857194681,0.06,IN_VEHICLE
1556857194681,0.06,ON_BICYCLE
1556857233578,1.0,TILTING
1556857272474,0.4,UNKNOWN
1556857272474,0.1,IN_VEHICLE
1556857272474,0.1,ON_BICYCLE
1556857272474,0.1,ON_FOOT
1556857272474,0.1,STILL
1556857272474,0.1,WALKING
1556857272474,0.1,RUNNING
1556857298870,1.0,TILTING
1556857325265,0.3,UNKNOWN
1556857325265,0.29,ON_FOOT
1556857325265,0.29,WALKING
1556857325265,0.11,STILL
1556857325265,0.08,IN_VEHICLE
1556857325265,0.08,ON_BICYCLE
1556857325265,0.08,RUNNING
1556857362678,0.43,ON_FOOT
1556857362678,0.43,WALKING
1556857362678,0.25,UNKNOWN
1556857362678,0.07,IN_VEHICLE
1556857362678,0.07,STILL
1556857362678,0.06,ON_BICYCLE
1556857362678,0.06,RUNNING
1556857403376,0.46,STILL
1556857403376,0.17,UNKNOWN
1556857403376,0.11,IN_VEHICLE
1556857403376,0.06,ON_FOOT
1556857403376,0.06,WALKING
1556857403376,0.05,ON_BICYCLE
1556857403376,0.04,RUNNING
1556857440894,1.0,TILTING
1556857478411,0.53,STILL
1556857478411,0.23,IN_VEHICLE
1556857478411,0.05,ON_FOOT
1556857478411,0.05,WALKING
1556857478411,0.02,UNKNOWN
1556857478411,0.01,ON_BICYCLE
1556857496654,1.0,TILTING
1556857514897,0.53,STILL
1556857514897,0.21,UNKNOWN
1556857514897,0.06,ON_BICYCLE
1556857514897,0.06,ON_FOOT
1556857514897,0.06,WALKING
1556857514897,0.05,IN_VEHICLE
1556857514897,0.05,RUNNING
1556857540831,0.82,STILL
1556857540831,0.13,ON_FOOT
1556857540831,0.13,WALKING
1556857540831,0.02,ON_BICYCLE
1556857540831,0.01,IN_VEHICLE
1556857540831,0.01,UNKNOWN
1556857605190,0.31,UNKNOWN
1556857605190,0.16,STILL
1556857605190,0.15,IN_VEHICLE
1556857605190,0.09,ON_FOOT
1556857605190,0.09,WALKING
1556857605190,0.08,ON_BICYCLE
1556857605190,0.08,RUNNING
1556857624861,1.0,TILTING
1556857644532,0.31,UNKNOWN
1556857644532,0.15,STILL
1556857644532,0.13,IN_VEHICLE
1556857644532,0.12,ON_FOOT
1556857644532,0.12,WALKING
1556857644532,0.11,ON_BICYCLE
1556857644532,0.08,RUNNING
1556857683881,0.4,UNKNOWN
1556857683881,0.1,IN_VEHICLE
1556857683881,0.1,ON_BICYCLE
1556857683881,0.1,ON_FOOT
1556857683881,0.1,STILL
1556857683881,0.1,WALKING
1556857683881,0.1,RUNNING
1556857710814,0.73,STILL
1556857710814,0.11,UNKNOWN
1556857710814,0.05,IN_VEHICLE
1556857710814,0.03,ON_BICYCLE
1556857710814,0.03,ON_FOOT
1556857710814,0.03,WALKING
1556857710814,0.03,RUNNING
1556857730515,1.0,TILTING
1556857750215,0.27,UNKNOWN
1556857750215,0.19,STILL
1556857750215,0.15,IN_VEHICLE
1556857750215,0.11,ON_FOOT
1556857750215,0.11,WALKING
1556857750215,0.08,ON_BICYCLE
1556857750215,0.07,RUNNING
1556857795124,0.31,UNKNOWN
1556857795124,0.18,STILL
1556857795124,0.15,ON_FOOT
1556857795124,0.15,WALKING
1556857795124,0.12,IN_VEHICLE
1556857795124,0.08,ON_BICYCLE
1556857795124,0.08,RUNNING
1556857852247,0.3,UNKNOWN
1556857852247,0.17,STILL
1556857852247,0.14,ON_FOOT
1556857852247,0.14,WALKING
1556857852247,0.13,IN_VEHICLE
1556857852247,0.08,ON_BICYCLE
1556857852247,0.08,RUNNING
1556857864243,1.0,TILTING
1556857876239,0.46,STILL
1556857876239,0.15,IN_VEHICLE
1556857876239,0.12,ON_FOOT
1556857876239,0.12,WALKING
1556857876239,0.11,UNKNOWN
1556857876239,0.04,ON_BICYCLE
1556857876239,0.03,RUNNING
1556857918758,1.0,TILTING
1556857961276,0.35,STILL
1556857961276,0.26,IN_VEHICLE
1556857961276,0.17,ON_FOOT
1556857961276,0.17,WALKING
1556857961276,0.02,ON_BICYCLE
1556857961276,0.02,UNKNOWN
1556857996072,0.28,UNKNOWN
1556857996072,0.19,STILL
1556857996072,0.14,IN_VEHICLE
1556857996072,0.12,ON_FOOT
1556857996072,0.12,WALKING
1556857996072,0.07,ON_BICYCLE
1556857996072,0.07,RUNNING
1556858016226,0.75,STILL
1556858016226,0.11,UNKNOWN
1556858016226,0.04,ON_FOOT
1556858016226,0.04,WALKING
1556858016226,0.03,IN_VEHICLE
1556858016226,0.03,ON_BICYCLE
1556858016226,0.03,RUNNING
1556858035370,1.0,TILTING
1556858054513,0.31,UNKNOWN
1556858054513,0.17,STILL
1556858054513,0.13,IN_VEHICLE
1556858054513,0.12,ON_FOOT
1556858054513,0.12,WALKING
1556858054513,0.08,ON_BICYCLE
1556858054513,0.08,RUNNING
1556858101845,0.31,STILL
1556858101845,0.2,UNKNOWN
1556858101845,0.18,IN_VEHICLE
1556858101845,0.06,ON_BICYCLE
1556858101845,0.06,ON_FOOT
1556858101845,0.06,WALKING
1556858101845,0.05,RUNNING
1556858115710,0.46,STILL
1556858115710,0.22,ON_FOOT
1556858115710,0.22,WALKING
1556858115710,0.17,IN_VEHICLE
1556858115710,0.02,ON_BICYCLE
1556858115710,0.02,UNKNOWN
1556858129536,0.38,STILL
1556858129536,0.29,IN_VEHICLE
1556858129536,0.04,ON_FOOT
1556858129536,0.04,WALKING
1556858129536,0.01,UNKNOWN
1556858140698,1.0,TILTING
1556858151860,0.49,STILL
1556858151860,0.21,UNKNOWN
1556858151860,0.08,ON_BICYCLE
1556858151860,0.07,ON_FOOT
1556858151860,0.07,WALKING
1556858151860,0.06,IN_VEHICLE
1556858151860,0.05,RUNNING
1556858158809,1.0,TILTING
1556858165757,0.46,STILL
1556858165757,0.27,IN_VEHICLE
1556858165757,0.02,ON_FOOT
1556858165757,0.02,UNKNOWN
1556858165757,0.02,WALKING
1556858165757,0.01,ON_BICYCLE
1556858190828,1.0,TILTING
1556858215899,0.97,STILL
1556858215899,0.01,IN_VEHICLE
1556858215899,0.01,UNKNOWN
1556858252973,0.68,STILL
1556858252973,0.15,IN_VEHICLE
1556858252973,0.07,ON_FOOT
1556858252973,0.07,WALKING
1556858252973,0.02,ON_BICYCLE
1556858252973,0.02,UNKNOWN
1556858285167,0.33,STILL
1556858285167,0.3,UNKNOWN
1556858285167,0.08,IN_VEHICLE
1556858285167,0.08,ON_BICYCLE
1556858285167,0.08,ON_FOOT
1556858285167,0.08,WALKING
1556858285167,0.08,RUNNING
1556858304099,1.0,STILL
1556858341032,0.54,STILL
1556858341032,0.2,UNKNOWN
1556858341032,0.06,ON_FOOT
1556858341032,0.06,WALKING
1556858341032,0.05,IN_VEHICLE
1556858341032,0.05,ON_BICYCLE
1556858341032,0.05,RUNNING
1556858347949,1.0,TILTING
1556858354865,0.42,STILL
1556858354865,0.29,IN_VEHICLE
1556858354865,0.11,ON_FOOT
1556858354865,0.11,WALKING
1556858354865,0.03,ON_BICYCLE
1556858354865,0.02,UNKNOWN
1556858369930,0.51,STILL
1556858369930,0.19,IN_VEHICLE
1556858369930,0.15,ON_FOOT
1556858369930,0.15,WALKING
1556858369930,0.02,ON_BICYCLE
1556858369930,0.02,UNKNOWN
1556858383742,0.72,STILL
1556858383742,0.1,IN_VEHICLE
1556858383742,0.09,ON_FOOT
1556858383742,0.09,WALKING
1556858383742,0.02,ON_BICYCLE
1556858383742,0.01,UNKNOWN
1556858397560,0.35,STILL
1556858397560,0.27,IN_VEHICLE
1556858397560,0.14,ON_FOOT
1556858397560,0.14,WALKING
1556858397560,0.03,ON_BICYCLE
1556858397560,0.02,UNKNOWN
1556858411383,0.39,STILL
1556858411383,0.26,IN_VEHICLE
1556858411383,0.14,ON_FOOT
1556858411383,0.14,WALKING
1556858411383,0.02,ON_BICYCLE
1556858411383,0.02,UNKNOWN
1556858450622,0.4,UNKNOWN
1556858450622,0.1,IN_VEHICLE
1556858450622,0.1,ON_BICYCLE
1556858450622,0.1,ON_FOOT
1556858450622,0.1,STILL
1556858450622,0.1,WALKING
1556858450622,0.1,RUNNING
1556858535837,0.32,ON_FOOT
1556858535837,0.32,WALKING
1556858535837,0.21,UNKNOWN
1556858535837,0.18,STILL
1556858535837,0.09,IN_VEHICLE
1556858535837,0.07,ON_BICYCLE
1556858535837,0.05,RUNNING
1556858556514,0.31,UNKNOWN
1556858556514,0.16,STILL
1556858556514,0.15,ON_FOOT
1556858556514,0.15,WALKING
1556858556514,0.12,IN_VEHICLE
1556858556514,0.09,ON_BICYCLE
1556858556514,0.08,RUNNING
1556858571441,1.0,TILTING
1556858586367,0.61,STILL
1556858586367,0.15,ON_FOOT
1556858586367,0.15,WALKING
1556858586367,0.11,UNKNOWN
1556858586367,0.04,IN_VEHICLE
1556858586367,0.03,ON_BICYCLE
1556858586367,0.03,RUNNING
1556858600263,1.0,STILL
1556858614129,1.0,STILL
1556858627981,0.87,STILL
1556858627981,0.08,ON_FOOT
1556858627981,0.08,WALKING
1556858627981,0.02,IN_VEHICLE
1556858627981,0.02,UNKNOWN
1556858627981,0.01,ON_BICYCLE
1556858927636,0.32,STILL
1556858927636,0.24,IN_VEHICLE
1556858927636,0.16,ON_FOOT
1556858927636,0.16,WALKING
1556858927636,0.03,ON_BICYCLE
1556858927636,0.03,UNKNOWN
1556858951921,0.24,STILL
1556858951921,0.22,UNKNOWN
1556858951921,0.18,IN_VEHICLE
1556858951921,0.16,ON_FOOT
1556858951921,0.16,WALKING
1556858951921,0.07,ON_BICYCLE
1556858951921,0.05,RUNNING
1556858991250,0.4,UNKNOWN
1556858991250,0.1,IN_VEHICLE
1556858991250,0.1,ON_BICYCLE
1556858991250,0.1,ON_FOOT
1556858991250,0.1,STILL
1556858991250,0.1,WALKING
1556858991250,0.1,RUNNING
1556859006684,1.0,TILTING
1556859022118,0.77,STILL
1556859022118,0.1,IN_VEHICLE
1556859022118,0.05,ON_FOOT
1556859022118,0.05,WALKING
1556859022118,0.01,ON_BICYCLE
1556859022118,0.01,UNKNOWN
1556859090517,1.0,TILTING
1556859158916,0.28,STILL
1556859158916,0.21,UNKNOWN
1556859158916,0.15,ON_FOOT
1556859158916,0.15,WALKING
1556859158916,0.12,IN_VEHICLE
1556859158916,0.08,ON_BICYCLE
1556859158916,0.05,RUNNING
1556859174406,0.43,STILL
1556859174406,0.22,ON_FOOT
1556859174406,0.22,WALKING
1556859174406,0.16,IN_VEHICLE
1556859174406,0.02,ON_BICYCLE
1556859174406,0.02,UNKNOWN
1556859189625,0.54,STILL
1556859189625,0.2,IN_VEHICLE
1556859189625,0.03,ON_FOOT
1556859189625,0.03,UNKNOWN
1556859189625,0.03,WALKING
1556859189625,0.01,ON_BICYCLE
1556859247269,1.0,TILTING
1556859304912,0.4,STILL
1556859304912,0.31,IN_VEHICLE
1556859304912,0.16,ON_FOOT
1556859304912,0.16,WALKING
1556859304912,0.02,ON_BICYCLE
1556859304912,0.02,UNKNOWN
1556859369187,1.0,TILTING
1556859433462,0.21,UNKNOWN
1556859433462,0.2,STILL
1556859433462,0.18,ON_FOOT
1556859433462,0.18,WALKING
1556859433462,0.16,IN_VEHICLE
1556859433462,0.07,ON_BICYCLE
1556859433462,0.05,RUNNING
1556859474099,0.44,STILL
1556859474099,0.21,UNKNOWN
1556859474099,0.1,IN_VEHICLE
1556859474099,0.08,ON_FOOT
1556859474099,0.08,WALKING
1556859474099,0.06,ON_BICYCLE
1556859474099,0.05,RUNNING
1556859486024,1.0,TILTING
1556859497948,0.55,STILL
1556859497948,0.2,UNKNOWN
1556859497948,0.05,IN_VEHICLE
1556859497948,0.05,ON_BICYCLE
1556859497948,0.05,ON_FOOT
1556859497948,0.05,WALKING
1556859497948,0.05,RUNNING
1556859851580,1.0,STILL
1556859880900,1.0,TILTING
1556859910219,0.38,STILL
1556859910219,0.32,IN_VEHICLE
1556859910219,0.12,ON_FOOT
1556859910219,0.12,WALKING
1556859910219,0.02,ON_BICYCLE
1556859910219,0.01,UNKNOWN
1556859924199,0.52,STILL
1556859924199,0.18,IN_VEHICLE
1556859924199,0.12,ON_FOOT
1556859924199,0.12,WALKING
1556859924199,0.02,ON_BICYCLE
1556859924199,0.02,UNKNOWN
1556859933860,0.56,STILL
1556859933860,0.23,IN_VEHICLE
1556859933860,0.05,ON_FOOT
1556859933860,0.05,WALKING
1556859933860,0.02,UNKNOWN
1556859933860,0.01,ON_BICYCLE
1556859947671,0.38,STILL
1556859947671,0.24,IN_VEHICLE
1556859947671,0.12,ON_FOOT
1556859947671,0.12,WALKING
1556859947671,0.06,ON_BICYCLE
1556859947671,0.03,UNKNOWN
1556859961544,0.34,STILL
1556859961544,0.33,IN_VEHICLE
1556859961544,0.11,ON_FOOT
1556859961544,0.11,WALKING
1556859961544,0.05,ON_BICYCLE
1556859961544,0.01,UNKNOWN
1556859975373,0.42,STILL
1556859975373,0.23,IN_VEHICLE
1556859975373,0.12,ON_FOOT
1556859975373,0.12,WALKING
1556859975373,0.03,UNKNOWN
1556859975373,0.02,ON_BICYCLE
1556859986541,1.0,TILTING
1556859997708,0.43,STILL
1556859997708,0.21,UNKNOWN
1556859997708,0.1,ON_FOOT
1556859997708,0.1,WALKING
1556859997708,0.09,IN_VEHICLE
1556859997708,0.06,ON_BICYCLE
1556859997708,0.05,RUNNING
1556860056442,0.99,STILL
1556860056442,0.01,ON_FOOT
1556860056442,0.01,WALKING
1556860389370,1.0,STILL
1556861127092,1.0,TILTING
1556861864814,0.4,UNKNOWN
1556861864814,0.1,IN_VEHICLE
1556861864814,0.1,ON_BICYCLE
1556861864814,0.1,ON_FOOT
1556861864814,0.1,STILL
1556861864814,0.1,WALKING
1556861864814,0.1,RUNNING
1556861904182,0.32,STILL
1556861904182,0.18,ON_FOOT
1556861904182,0.18,WALKING
1556861904182,0.17,IN_VEHICLE
1556861904182,0.12,UNKNOWN
1556861904182,0.07,ON_BICYCLE
1556861904182,0.03,RUNNING
1556861926506,0.24,STILL
1556861926506,0.21,UNKNOWN
1556861926506,0.19,IN_VEHICLE
1556861926506,0.11,ON_FOOT
1556861926506,0.11,WALKING
1556861926506,0.08,ON_BICYCLE
1556861926506,0.05,RUNNING
1556861940333,0.48,STILL
1556861940333,0.23,IN_VEHICLE
1556861940333,0.16,ON_FOOT
1556861940333,0.16,WALKING
1556861940333,0.02,ON_BICYCLE
1556861940333,0.01,UNKNOWN
1556861979756,0.4,UNKNOWN
1556861979756,0.1,IN_VEHICLE
1556861979756,0.1,ON_BICYCLE
1556861979756,0.1,ON_FOOT
1556861979756,0.1,STILL
1556861979756,0.1,WALKING
1556861979756,0.1,RUNNING
1556861999484,1.0,TILTING
1556862019212,0.65,STILL
1556862019212,0.11,UNKNOWN
1556862019212,0.07,IN_VEHICLE
1556862019212,0.07,ON_FOOT
1556862019212,0.07,WALKING
1556862019212,0.04,ON_BICYCLE
1556862019212,0.03,RUNNING
1556862104682,1.0,TILTING
1556862190151,0.96,ON_FOOT
1556862190151,0.96,WALKING
1556862190151,0.02,ON_BICYCLE
1556862190151,0.01,STILL
1556862190151,0.01,UNKNOWN
1556862324171,1.0,TILTING
1556862458190,0.89,ON_FOOT
1556862458190,0.89,WALKING
1556862458190,0.03,RUNNING
1556862458190,0.02,IN_VEHICLE
1556862458190,0.02,ON_BICYCLE
1556862458190,0.02,UNKNOWN
1556862458190,0.01,STILL
1556862467120,0.47,ON_FOOT
1556862467120,0.47,WALKING
1556862467120,0.21,UNKNOWN
1556862467120,0.07,IN_VEHICLE
1556862467120,0.07,ON_BICYCLE
1556862467120,0.07,STILL
1556862467120,0.06,RUNNING
1556862470771,0.94,ON_FOOT
1556862470771,0.94,WALKING
1556862470771,0.01,IN_VEHICLE
1556862470771,0.01,ON_BICYCLE
1556862470771,0.01,STILL
1556862470771,0.01,UNKNOWN
1556862470771,0.01,RUNNING
1556862474986,0.86,ON_FOOT
1556862474986,0.86,WALKING
1556862474986,0.06,STILL
1556862474986,0.03,IN_VEHICLE
1556862474986,0.02,UNKNOWN
1556862474986,0.01,ON_BICYCLE
1556862504413,0.4,UNKNOWN
1556862504413,0.1,IN_VEHICLE
1556862504413,0.1,ON_BICYCLE
1556862504413,0.1,ON_FOOT
1556862504413,0.1,STILL
1556862504413,0.1,WALKING
1556862504413,0.1,RUNNING
1556862659610,0.31,UNKNOWN
1556862659610,0.17,STILL
1556862659610,0.13,IN_VEHICLE
1556862659610,0.13,ON_FOOT
1556862659610,0.13,WALKING
1556862659610,0.09,ON_BICYCLE
1556862659610,0.08,RUNNING
1556862702169,1.0,TILTING
1556862744728,0.3,ON_FOOT
1556862744728,0.3,WALKING
1556862744728,0.21,UNKNOWN
1556862744728,0.15,STILL
1556862744728,0.12,IN_VEHICLE
1556862744728,0.1,ON_BICYCLE
1556862744728,0.05,RUNNING
1556862826124,0.24,ON_FOOT
1556862826124,0.24,WALKING
1556862826124,0.21,STILL
1556862826124,0.17,UNKNOWN
1556862826124,0.14,IN_VEHICLE
1556862826124,0.11,ON_BICYCLE
1556862826124,0.04,RUNNING
1556862858130,1.0,TILTING
1556862890135,0.47,IN_VEHICLE
1556862890135,0.21,UNKNOWN
1556862890135,0.11,STILL
1556862890135,0.05,ON_BICYCLE
1556862890135,0.05,ON_FOOT
1556862890135,0.05,WALKING
1556862890135,0.05,RUNNING
1556862975131,0.31,IN_VEHICLE
1556862975131,0.22,STILL
1556862975131,0.21,UNKNOWN
1556862975131,0.07,ON_FOOT
1556862975131,0.07,WALKING
1556862975131,0.06,ON_BICYCLE
1556862975131,0.05,RUNNING
1556863009163,0.3,IN_VEHICLE
1556863009163,0.29,STILL
1556863009163,0.14,ON_FOOT
1556863009163,0.14,WALKING
1556863009163,0.11,UNKNOWN
1556863009163,0.07,ON_BICYCLE
1556863009163,0.03,RUNNING
1556863094638,1.0,TILTING
1556863180112,0.76,ON_FOOT
1556863180112,0.76,WALKING
1556863180112,0.11,UNKNOWN
1556863180112,0.03,IN_VEHICLE
1556863180112,0.03,ON_BICYCLE
1556863180112,0.03,STILL
1556863180112,0.03,RUNNING
1556863201127,1.0,TILTING
1556863222142,0.85,ON_FOOT
1556863222142,0.85,WALKING
1556863222142,0.04,ON_BICYCLE
1556863222142,0.03,STILL
1556863222142,0.03,RUNNING
1556863222142,0.02,IN_VEHICLE
1556863222142,0.02,UNKNOWN
1556863292914,1.0,TILTING
1556863363685,0.52,ON_FOOT
1556863363685,0.52,WALKING
1556863363685,0.21,UNKNOWN
1556863363685,0.06,IN_VEHICLE
1556863363685,0.06,ON_BICYCLE
1556863363685,0.06,STILL
1556863363685,0.06,RUNNING
1556863368521,0.96,ON_FOOT
1556863368521,0.96,WALKING
1556863368521,0.03,UNKNOWN
1556863368521,0.01,RUNNING
1556863372488,0.94,ON_FOOT
1556863372488,0.94,WALKING
1556863372488,0.02,UNKNOWN
1556863372488,0.02,RUNNING
1556863372488,0.01,ON_BICYCLE
1556863372488,0.01,STILL
1556863385461,0.53,ON_FOOT
1556863385461,0.53,WALKING
1556863385461,0.21,UNKNOWN
1556863385461,0.06,ON_BICYCLE
1556863385461,0.06,RUNNING
1556863385461,0.05,IN_VEHICLE
1556863385461,0.05,STILL
1556863389014,0.97,ON_FOOT
1556863389014,0.97,WALKING
1556863389014,0.03,UNKNOWN
1556863392592,0.77,ON_FOOT
1556863392592,0.77,WALKING
1556863392592,0.14,IN_VEHICLE
1556863392592,0.03,STILL
1556863392592,0.02,ON_BICYCLE
1556863392592,0.02,UNKNOWN
1556863397021,0.92,ON_FOOT
1556863397021,0.92,WALKING
1556863397021,0.03,UNKNOWN
1556863397021,0.01,IN_VEHICLE
1556863397021,0.01,ON_BICYCLE
1556863397021,0.01,STILL
1556863397021,0.01,RUNNING
1556863401151,0.86,ON_FOOT
1556863401151,0.86,WALKING
1556863401151,0.03,IN_VEHICLE
1556863401151,0.03,STILL
1556863401151,0.02,ON_BICYCLE
1556863401151,0.02,UNKNOWN
1556863401151,0.02,RUNNING
1556863405295,0.95,ON_FOOT
1556863405295,0.95,WALKING
1556863405295,0.03,UNKNOWN
1556863405295,0.01,STILL
1556863405295,0.01,RUNNING
1556863409021,0.9,ON_FOOT
1556863409021,0.9,WALKING
1556863409021,0.03,UNKNOWN
1556863409021,0.02,ON_BICYCLE
1556863409021,0.02,RUNNING
1556863409021,0.01,IN_VEHICLE
1556863409021,0.01,STILL
1556863412666,0.96,ON_FOOT
1556863412666,0.96,WALKING
1556863412666,0.03,UNKNOWN
1556863412666,0.01,RUNNING
1556863417012,0.89,ON_FOOT
1556863417012,0.89,WALKING
1556863417012,0.04,RUNNING
1556863417012,0.03,ON_BICYCLE
1556863417012,0.01,IN_VEHICLE
1556863417012,0.01,STILL
1556863417012,0.01,UNKNOWN
1556863420991,0.96,ON_FOOT
1556863420991,0.96,WALKING
1556863420991,0.03,UNKNOWN
1556863420991,0.01,RUNNING
1556863425012,0.86,ON_FOOT
1556863425012,0.86,WALKING
1556863425012,0.08,IN_VEHICLE
1556863425012,0.02,STILL
1556863425012,0.02,UNKNOWN
1556863425012,0.01,ON_BICYCLE
1556863428542,0.93,ON_FOOT
1556863428542,0.93,WALKING
1556863428542,0.02,UNKNOWN
1556863428542,0.02,RUNNING
1556863428542,0.01,IN_VEHICLE
1556863428542,0.01,ON_BICYCLE
1556863428542,0.01,STILL
1556863432264,0.92,ON_FOOT
1556863432264,0.92,WALKING
1556863432264,0.02,STILL
1556863432264,0.02,UNKNOWN
1556863432264,0.01,IN_VEHICLE
1556863432264,0.01,ON_BICYCLE
1556863432264,0.01,RUNNING
1556863435840,0.9,ON_FOOT
1556863435840,0.9,WALKING
1556863435840,0.02,IN_VEHICLE
1556863435840,0.02,ON_BICYCLE
1556863435840,0.02,UNKNOWN
1556863435840,0.02,RUNNING
1556863435840,0.01,STILL
1556863439657,0.79,ON_FOOT
1556863439657,0.79,WALKING
1556863439657,0.14,RUNNING
1556863439657,0.02,ON_BICYCLE
1556863439657,0.02,UNKNOWN
1556863439657,0.01,IN_VEHICLE
1556863439657,0.01,STILL
1556863443216,0.82,ON_FOOT
1556863443216,0.82,WALKING
1556863443216,0.07,RUNNING
1556863443216,0.06,ON_BICYCLE
1556863443216,0.02,STILL
1556863443216,0.01,IN_VEHICLE
1556863443216,0.01,UNKNOWN
1556863447005,0.8,ON_FOOT
1556863447005,0.8,WALKING
1556863447005,0.06,RUNNING
1556863447005,0.05,STILL
1556863447005,0.03,ON_BICYCLE
1556863447005,0.03,UNKNOWN
1556863447005,0.02,IN_VEHICLE
1556863448997,1.0,TILTING
1556863450989,0.94,ON_FOOT
1556863450989,0.94,WALKING
1556863450989,0.04,RUNNING
1556863450989,0.01,STILL
1556863450989,0.01,UNKNOWN
1556863452816,1.0,TILTING
1556863454643,0.97,ON_FOOT
1556863454643,0.97,WALKING
1556863454643,0.02,RUNNING
1556863454643,0.01,UNKNOWN
1556863459195,1.0,TILTING
1556863463747,0.98,ON_FOOT
1556863463747,0.98,WALKING
1556863463747,0.01,UNKNOWN
1556863463747,0.01,RUNNING
1556863467718,0.87,ON_FOOT
1556863467718,0.87,WALKING
1556863467718,0.04,STILL
1556863467718,0.02,IN_VEHICLE
1556863467718,0.02,ON_BICYCLE
1556863467718,0.02,UNKNOWN
1556863467718,0.01,RUNNING
1556863471916,0.96,ON_FOOT
1556863471916,0.96,WALKING
1556863471916,0.02,UNKNOWN
1556863471916,0.01,STILL
1556863471916,0.01,RUNNING
1556863475885,0.97,ON_FOOT
1556863475885,0.97,WALKING
1556863475885,0.02,UNKNOWN
1556863475885,0.01,RUNNING
1556863479936,0.97,ON_FOOT
1556863479936,0.97,WALKING
1556863479936,0.02,UNKNOWN
1556863479936,0.01,STILL
1556863483946,0.98,ON_FOOT
1556863483946,0.98,WALKING
1556863483946,0.01,UNKNOWN
1556863483946,0.01,RUNNING
1556863487898,0.95,ON_FOOT
1556863487898,0.95,WALKING
1556863487898,0.02,UNKNOWN
1556863487898,0.02,RUNNING
1556863487898,0.01,ON_BICYCLE
1556863489824,1.0,TILTING
1556863491749,1.0,ON_FOOT
1556863491749,1.0,WALKING
1556863516381,1.0,TILTING
1556863541013,0.37,ON_FOOT
1556863541013,0.37,WALKING
1556863541013,0.27,UNKNOWN
1556863541013,0.08,RUNNING
1556863541013,0.07,IN_VEHICLE
1556863541013,0.07,ON_BICYCLE
1556863541013,0.07,STILL
1556863544662,0.9,ON_FOOT
1556863544662,0.9,WALKING
1556863544662,0.03,RUNNING
1556863544662,0.02,IN_VEHICLE
1556863544662,0.02,UNKNOWN
1556863544662,0.01,ON_BICYCLE
1556863544662,0.01,STILL
1556863548735,0.96,ON_FOOT
1556863548735,0.96,WALKING
1556863548735,0.03,UNKNOWN
1556863548735,0.01,RUNNING
1556863553355,0.8,ON_FOOT
1556863553355,0.8,WALKING
1556863553355,0.15,RUNNING
1556863553355,0.03,UNKNOWN
1556863553355,0.02,ON_BICYCLE
1556863557163,0.92,ON_FOOT
1556863557163,0.92,WALKING
1556863557163,0.02,ON_BICYCLE
1556863557163,0.02,UNKNOWN
1556863557163,0.02,RUNNING
1556863557163,0.01,IN_VEHICLE
1556863557163,0.01,STILL
1556863577334,0.4,UNKNOWN
1556863577334,0.1,IN_VEHICLE
1556863577334,0.1,ON_BICYCLE
1556863577334,0.1,ON_FOOT
1556863577334,0.1,STILL
1556863577334,0.1,WALKING
1556863577334,0.1,RUNNING
1556863599325,0.9,ON_FOOT
1556863599325,0.9,WALKING
1556863599325,0.02,IN_VEHICLE
1556863599325,0.02,ON_BICYCLE
1556863599325,0.02,STILL
1556863599325,0.02,UNKNOWN
1556863599325,0.01,RUNNING
1556863603561,0.93,ON_FOOT
1556863603561,0.93,WALKING
1556863603561,0.03,UNKNOWN
1556863603561,0.02,STILL
1556863603561,0.01,IN_VEHICLE
1556863603561,0.01,ON_BICYCLE
1556863607651,0.93,ON_FOOT
1556863607651,0.93,WALKING
1556863607651,0.02,IN_VEHICLE
1556863607651,0.01,ON_BICYCLE
1556863607651,0.01,STILL
1556863607651,0.01,UNKNOWN
1556863607651,0.01,RUNNING
1556863612177,0.98,ON_FOOT
1556863612177,0.98,WALKING
1556863612177,0.02,UNKNOWN
1556863616772,0.87,ON_FOOT
1556863616772,0.87,WALKING
1556863616772,0.03,IN_VEHICLE
1556863616772,0.02,ON_BICYCLE
1556863616772,0.02,STILL
1556863616772,0.02,UNKNOWN
1556863616772,0.02,RUNNING
1556863621269,0.88,ON_FOOT
1556863621269,0.88,WALKING
1556863621269,0.03,IN_VEHICLE
1556863621269,0.02,ON_BICYCLE
1556863621269,0.02,STILL
1556863621269,0.02,UNKNOWN
1556863621269,0.02,RUNNING
1556863624770,0.78,ON_FOOT
1556863624770,0.78,WALKING
1556863624770,0.06,STILL
1556863624770,0.04,ON_BICYCLE
1556863624770,0.04,RUNNING
1556863624770,0.03,IN_VEHICLE
1556863624770,0.03,UNKNOWN
1556863648046,1.0,TILTING
1556863671322,0.55,ON_FOOT
1556863671322,0.55,WALKING
1556863671322,0.19,STILL
1556863671322,0.1,UNKNOWN
1556863671322,0.05,IN_VEHICLE
1556863671322,0.05,ON_BICYCLE
1556863671322,0.03,RUNNING
1556863725962,1.0,TILTING
1556863780602,0.61,STILL
1556863780602,0.2,ON_FOOT
1556863780602,0.2,WALKING
1556863780602,0.07,IN_VEHICLE
1556863780602,0.04,ON_BICYCLE
1556863780602,0.02,UNKNOWN
1556863780602,0.01,RUNNING
1556863854550,1.0,TILTING
1556863928498,0.32,ON_FOOT
1556863928498,0.32,WALKING
1556863928498,0.21,UNKNOWN
1556863928498,0.13,STILL
1556863928498,0.12,IN_VEHICLE
1556863928498,0.07,ON_BICYCLE
1556863928498,0.05,RUNNING
1556863951584,0.34,ON_FOOT
1556863951584,0.34,WALKING
1556863951584,0.28,UNKNOWN
1556863951584,0.09,STILL
1556863951584,0.08,IN_VEHICLE
1556863951584,0.08,ON_BICYCLE
1556863951584,0.07,RUNNING
1556863956299,0.76,ON_FOOT
1556863956299,0.76,WALKING
1556863956299,0.1,IN_VEHICLE
1556863956299,0.04,STILL
1556863956299,0.02,ON_BICYCLE
1556863956299,0.02,UNKNOWN
1556863956299,0.01,RUNNING
1556863960298,0.82,ON_FOOT
1556863960298,0.82,WALKING
1556863960298,0.05,IN_VEHICLE
1556863960298,0.05,STILL
1556863960298,0.02,ON_BICYCLE
1556863960298,0.02,UNKNOWN
1556863960298,0.01,RUNNING
1556863974625,1.0,TILTING
1556863988951,0.41,STILL
1556863988951,0.23,ON_FOOT
1556863988951,0.23,WALKING
1556863988951,0.17,UNKNOWN
1556863988951,0.06,IN_VEHICLE
1556863988951,0.04,ON_BICYCLE
1556863988951,0.04,RUNNING
1556864004939,1.0,TILTING
1556864020926,0.4,UNKNOWN
1556864020926,0.1,IN_VEHICLE
1556864020926,0.1,ON_BICYCLE
1556864020926,0.1,ON_FOOT
1556864020926,0.1,STILL
1556864020926,0.1,WALKING
1556864020926,0.1,RUNNING
1556864201376,1.0,TILTING
1556864381826,0.5,UNKNOWN
1556864381826,0.13,ON_BICYCLE
1556864381826,0.13,STILL
1556864381826,0.08,ON_FOOT
1556864381826,0.08,WALKING
1556864381826,0.02,IN_VEHICLE
1556864381826,0.01,RUNNING
1556864574643,1.0,TILTING
1556864767459,0.31,UNKNOWN
1556864767459,0.16,STILL
1556864767459,0.15,ON_FOOT
1556864767459,0.15,WALKING
1556864767459,0.12,IN_VEHICLE
1556864767459,0.1,ON_BICYCLE
1556864767459,0.08,RUNNING
1556864925850,1.0,TILTING
1556865084241,0.54,ON_FOOT
1556865084241,0.54,WALKING
1556865084241,0.21,UNKNOWN
1556865084241,0.05,IN_VEHICLE
1556865084241,0.05,ON_BICYCLE
1556865084241,0.05,STILL
1556865084241,0.05,RUNNING
1556865093434,0.44,ON_FOOT
1556865093434,0.44,WALKING
1556865093434,0.22,UNKNOWN
1556865093434,0.12,STILL
1556865093434,0.07,IN_VEHICLE
1556865093434,0.06,ON_BICYCLE
1556865093434,0.05,RUNNING
1556865113589,0.31,UNKNOWN
1556865113589,0.16,STILL
1556865113589,0.14,ON_FOOT
1556865113589,0.14,WALKING
1556865113589,0.13,IN_VEHICLE
1556865113589,0.08,ON_BICYCLE
1556865113589,0.08,RUNNING
1556865143264,0.4,UNKNOWN
1556865143264,0.1,IN_VEHICLE
1556865143264,0.1,ON_BICYCLE
1556865143264,0.1,ON_FOOT
1556865143264,0.1,STILL
1556865143264,0.1,WALKING
1556865143264,0.1,RUNNING
1556865154723,1.0,TILTING
1556865166182,0.31,UNKNOWN
1556865166182,0.3,ON_FOOT
1556865166182,0.3,WALKING
1556865166182,0.09,RUNNING
1556865166182,0.08,IN_VEHICLE
1556865166182,0.08,ON_BICYCLE
1556865166182,0.08,STILL
1556865486631,0.46,ON_FOOT
1556865486631,0.46,WALKING
1556865486631,0.29,STILL
1556865486631,0.12,UNKNOWN
1556865486631,0.04,IN_VEHICLE
1556865486631,0.04,ON_BICYCLE
1556865486631,0.03,RUNNING
1556865564736,1.0,TILTING
1556865642840,0.4,STILL
1556865642840,0.21,UNKNOWN
1556865642840,0.14,IN_VEHICLE
1556865642840,0.07,ON_FOOT
1556865642840,0.07,WALKING
1556865642840,0.06,ON_BICYCLE
1556865642840,0.05,RUNNING
1556865661035,1.0,TILTING
1556865679230,0.4,UNKNOWN
1556865679230,0.1,IN_VEHICLE
1556865679230,0.1,ON_BICYCLE
1556865679230,0.1,ON_FOOT
1556865679230,0.1,STILL
1556865679230,0.1,WALKING
1556865679230,0.1,RUNNING
1556865862262,1.0,TILTING
1556866045293,0.31,UNKNOWN
1556866045293,0.28,ON_BICYCLE
1556866045293,0.1,ON_FOOT
1556866045293,0.1,WALKING
1556866045293,0.08,IN_VEHICLE
1556866045293,0.08,STILL
1556866045293,0.08,RUNNING
1556866189190,1.0,TILTING
1556866333086,0.42,STILL
1556866333086,0.24,UNKNOWN
1556866333086,0.08,ON_FOOT
1556866333086,0.08,WALKING
1556866333086,0.07,IN_VEHICLE
1556866333086,0.06,ON_BICYCLE
1556866333086,0.06,RUNNING
1556866364221,0.27,UNKNOWN
1556866364221,0.26,STILL
1556866364221,0.13,IN_VEHICLE
1556866364221,0.1,ON_FOOT
1556866364221,0.1,WALKING
1556866364221,0.07,ON_BICYCLE
1556866364221,0.07,RUNNING
1556866403657,0.31,UNKNOWN
1556866403657,0.15,ON_FOOT
1556866403657,0.15,STILL
1556866403657,0.15,WALKING
1556866403657,0.14,IN_VEHICLE
1556866403657,0.08,ON_BICYCLE
1556866403657,0.08,RUNNING
1556866442932,0.4,UNKNOWN
1556866442932,0.1,IN_VEHICLE
1556866442932,0.1,ON_BICYCLE
1556866442932,0.1,ON_FOOT
1556866442932,0.1,STILL
1556866442932,0.1,WALKING
1556866442932,0.1,RUNNING
1556866463791,0.4,UNKNOWN
1556866463791,0.1,IN_VEHICLE
1556866463791,0.1,ON_BICYCLE
1556866463791,0.1,ON_FOOT
1556866463791,0.1,STILL
1556866463791,0.1,WALKING
1556866463791,0.1,RUNNING
1556866473616,1.0,TILTING
1556866483441,0.31,UNKNOWN
1556866483441,0.29,ON_FOOT
1556866483441,0.29,WALKING
1556866483441,0.09,STILL
1556866483441,0.08,IN_VEHICLE
1556866483441,0.08,ON_BICYCLE
1556866483441,0.08,RUNNING
1556866843347,0.32,ON_FOOT
1556866843347,0.32,WALKING
1556866843347,0.21,STILL
1556866843347,0.21,UNKNOWN
1556866843347,0.08,ON_BICYCLE
1556866843347,0.07,IN_VEHICLE
1556866843347,0.06,RUNNING
1556866896254,1.0,TILTING
1556866949160,0.4,UNKNOWN
1556866949160,0.1,IN_VEHICLE
1556866949160,0.1,ON_BICYCLE
1556866949160,0.1,ON_FOOT
1556866949160,0.1,STILL
1556866949160,0.1,WALKING
1556866949160,0.1,RUNNING
1556866990012,0.4,UNKNOWN
1556866990012,0.1,IN_VEHICLE
1556866990012,0.1,ON_BICYCLE
1556866990012,0.1,ON_FOOT
1556866990012,0.1,STILL
1556866990012,0.1,WALKING
1556866990012,0.1,RUNNING
1556867022659,0.31,ON_FOOT
1556867022659,0.31,WALKING
1556867022659,0.21,UNKNOWN
1556867022659,0.15,STILL
1556867022659,0.11,IN_VEHICLE
1556867022659,0.09,ON_BICYCLE
1556867022659,0.06,RUNNING
1556867036145,1.0,TILTING
1556867049631,0.35,STILL
1556867049631,0.18,IN_VEHICLE
1556867049631,0.14,ON_FOOT
1556867049631,0.14,WALKING
1556867049631,0.12,UNKNOWN
1556867049631,0.05,ON_BICYCLE
1556867049631,0.03,RUNNING
1556867089403,0.31,UNKNOWN
1556867089403,0.17,STILL
1556867089403,0.16,IN_VEHICLE
1556867089403,0.11,ON_FOOT
1556867089403,0.11,WALKING
1556867089403,0.08,ON_BICYCLE
1556867089403,0.08,RUNNING
1556867119475,0.4,UNKNOWN
1556867119475,0.1,IN_VEHICLE
1556867119475,0.1,ON_BICYCLE
1556867119475,0.1,ON_FOOT
1556867119475,0.1,STILL
1556867119475,0.1,WALKING
1556867119475,0.1,RUNNING
1556867143116,0.4,UNKNOWN
1556867143116,0.1,IN_VEHICLE
1556867143116,0.1,ON_BICYCLE
1556867143116,0.1,ON_FOOT
1556867143116,0.1,STILL
1556867143116,0.1,WALKING
1556867143116,0.1,RUNNING
1556867166114,0.4,UNKNOWN
1556867166114,0.1,IN_VEHICLE
1556867166114,0.1,ON_BICYCLE
1556867166114,0.1,ON_FOOT
1556867166114,0.1,STILL
1556867166114,0.1,WALKING
1556867166114,0.1,RUNNING
1556867193146,0.28,STILL
1556867193146,0.21,UNKNOWN
1556867193146,0.17,IN_VEHICLE
1556867193146,0.12,ON_FOOT
1556867193146,0.12,WALKING
1556867193146,0.06,ON_BICYCLE
1556867193146,0.05,RUNNING
1556867212812,1.0,TILTING
1556867232478,0.4,UNKNOWN
1556867232478,0.1,IN_VEHICLE
1556867232478,0.1,ON_BICYCLE
1556867232478,0.1,ON_FOOT
1556867232478,0.1,STILL
1556867232478,0.1,WALKING
1556867232478,0.1,RUNNING
1556867387362,1.0,TILTING
1556867542245,0.33,ON_FOOT
1556867542245,0.33,WALKING
1556867542245,0.3,UNKNOWN
1556867542245,0.08,IN_VEHICLE
1556867542245,0.08,ON_BICYCLE
1556867542245,0.08,STILL
1556867542245,0.08,RUNNING
1556867854494,0.48,ON_FOOT
1556867854494,0.48,WALKING
1556867854494,0.22,UNKNOWN
1556867854494,0.08,STILL
1556867854494,0.07,ON_BICYCLE
1556867854494,0.06,IN_VEHICLE
1556867854494,0.05,RUNNING
1556867893094,1.0,TILTING
1556867931693,0.31,UNKNOWN
1556867931693,0.17,STILL
1556867931693,0.14,ON_FOOT
1556867931693,0.14,WALKING
1556867931693,0.12,IN_VEHICLE
1556867931693,0.08,ON_BICYCLE
1556867931693,0.08,RUNNING
1556867971045,0.4,UNKNOWN
1556867971045,0.1,IN_VEHICLE
1556867971045,0.1,ON_BICYCLE
1556867971045,0.1,ON_FOOT
1556867971045,0.1,STILL
1556867971045,0.1,WALKING
1556867971045,0.1,RUNNING
1556868006820,0.4,UNKNOWN
1556868006820,0.1,IN_VEHICLE
1556868006820,0.1,ON_BICYCLE
1556868006820,0.1,ON_FOOT
1556868006820,0.1,STILL
1556868006820,0.1,WALKING
1556868006820,0.1,RUNNING
1556868016918,1.0,TILTING
1556868027015,0.34,ON_FOOT
1556868027015,0.34,WALKING
1556868027015,0.21,STILL
1556868027015,0.16,IN_VEHICLE
1556868027015,0.12,UNKNOWN
1556868027015,0.04,ON_BICYCLE
1556868027015,0.03,RUNNING
1556868072138,0.32,ON_FOOT
1556868072138,0.32,WALKING
1556868072138,0.31,UNKNOWN
1556868072138,0.08,IN_VEHICLE
1556868072138,0.08,ON_BICYCLE
1556868072138,0.08,STILL
1556868072138,0.08,RUNNING
1556868357503,0.96,ON_FOOT
1556868357503,0.96,WALKING
1556868357503,0.02,IN_VEHICLE
1556868357503,0.01,STILL
1556868357503,0.01,UNKNOWN
1556868397643,1.0,TILTING
1556868437782,0.31,UNKNOWN
1556868437782,0.16,IN_VEHICLE
1556868437782,0.16,STILL
1556868437782,0.11,ON_FOOT
1556868437782,0.11,WALKING
1556868437782,0.1,ON_BICYCLE
1556868437782,0.08,RUNNING
1556868469744,0.4,UNKNOWN
1556868469744,0.1,IN_VEHICLE
1556868469744,0.1,ON_BICYCLE
1556868469744,0.1,ON_FOOT
1556868469744,0.1,STILL
1556868469744,0.1,WALKING
1556868469744,0.1,RUNNING
1556868553955,1.0,TILTING
1556868638165,0.51,ON_FOOT
1556868638165,0.51,WALKING
1556868638165,0.18,STILL
1556868638165,0.09,IN_VEHICLE
1556868638165,0.09,UNKNOWN
1556868638165,0.05,ON_BICYCLE
1556868638165,0.03,RUNNING
1556868744563,1.0,TILTING
1556868850960,0.4,UNKNOWN
1556868850960,0.1,IN_VEHICLE
1556868850960,0.1,ON_BICYCLE
1556868850960,0.1,ON_FOOT
1556868850960,0.1,STILL
1556868850960,0.1,WALKING
1556868850960,0.1,RUNNING
1556868869228,1.0,TILTING
1556868887496,0.4,UNKNOWN
1556868887496,0.1,IN_VEHICLE
1556868887496,0.1,ON_BICYCLE
1556868887496,0.1,ON_FOOT
1556868887496,0.1,STILL
1556868887496,0.1,WALKING
1556868887496,0.1,RUNNING
1556868907208,1.0,TILTING
1556868926919,0.4,UNKNOWN
1556868926919,0.1,IN_VEHICLE
1556868926919,0.1,ON_BICYCLE
1556868926919,0.1,ON_FOOT
1556868926919,0.1,STILL
1556868926919,0.1,WALKING
1556868926919,0.1,RUNNING
1556869085618,0.4,UNKNOWN
1556869085618,0.1,IN_VEHICLE
1556869085618,0.1,ON_BICYCLE
1556869085618,0.1,ON_FOOT
1556869085618,0.1,STILL
1556869085618,0.1,WALKING
1556869085618,0.1,RUNNING
1556869470696,0.3,ON_FOOT
1556869470696,0.3,UNKNOWN
1556869470696,0.3,WALKING
1556869470696,0.09,STILL
1556869470696,0.08,IN_VEHICLE
1556869470696,0.08,ON_BICYCLE
1556869470696,0.08,RUNNING
1556869784085,0.56,ON_FOOT
1556869784085,0.56,WALKING
1556869784085,0.14,STILL
1556869784085,0.11,UNKNOWN
1556869784085,0.07,ON_BICYCLE
1556869784085,0.05,IN_VEHICLE
1556869784085,0.03,RUNNING
1556869860006,1.0,TILTING
1556869935926,0.83,ON_FOOT
1556869935926,0.83,WALKING
1556869935926,0.07,IN_VEHICLE
1556869935926,0.04,STILL
1556869935926,0.02,ON_BICYCLE
1556869935926,0.01,UNKNOWN
1556869935926,0.01,RUNNING
1556869940165,0.9,ON_FOOT
1556869940165,0.9,WALKING
1556869940165,0.04,IN_VEHICLE
1556869940165,0.02,STILL
1556869940165,0.02,UNKNOWN
1556869940165,0.01,ON_BICYCLE
1556869949567,1.0,TILTING
1556869958968,0.4,UNKNOWN
1556869958968,0.1,IN_VEHICLE
1556869958968,0.1,ON_BICYCLE
1556869958968,0.1,ON_FOOT
1556869958968,0.1,STILL
1556869958968,0.1,WALKING
1556869958968,0.1,RUNNING
1556869978629,1.0,TILTING
1556869998290,0.4,UNKNOWN
1556869998290,0.1,IN_VEHICLE
1556869998290,0.1,ON_BICYCLE
1556869998290,0.1,ON_FOOT
1556869998290,0.1,STILL
1556869998290,0.1,WALKING
1556869998290,0.1,RUNNING
1556870037699,0.4,UNKNOWN
1556870037699,0.1,IN_VEHICLE
1556870037699,0.1,ON_BICYCLE
1556870037699,0.1,ON_FOOT
1556870037699,0.1,STILL
1556870037699,0.1,WALKING
1556870037699,0.1,RUNNING
1556870058003,0.4,UNKNOWN
1556870058003,0.1,IN_VEHICLE
1556870058003,0.1,ON_BICYCLE
1556870058003,0.1,ON_FOOT
1556870058003,0.1,STILL
1556870058003,0.1,WALKING
1556870058003,0.1,RUNNING
1556870101076,0.25,UNKNOWN
1556870101076,0.19,STILL
1556870101076,0.17,ON_FOOT
1556870101076,0.17,WALKING
1556870101076,0.15,IN_VEHICLE
1556870101076,0.07,ON_BICYCLE
1556870101076,0.06,RUNNING
1556870124402,0.31,UNKNOWN
1556870124402,0.16,STILL
1556870124402,0.14,IN_VEHICLE
1556870124402,0.12,ON_FOOT
1556870124402,0.12,WALKING
1556870124402,0.08,ON_BICYCLE
1556870124402,0.08,RUNNING
1556870163668,0.29,STILL
1556870163668,0.23,ON_FOOT
1556870163668,0.23,WALKING
1556870163668,0.22,IN_VEHICLE
1556870163668,0.12,UNKNOWN
1556870163668,0.04,ON_BICYCLE
1556870163668,0.03,RUNNING
1556870185980,0.22,STILL
1556870185980,0.21,ON_FOOT
1556870185980,0.21,UNKNOWN
1556870185980,0.21,WALKING
1556870185980,0.17,IN_VEHICLE
1556870185980,0.06,ON_BICYCLE
1556870185980,0.05,RUNNING
1556870216952,0.27,UNKNOWN
1556870216952,0.17,STILL
1556870216952,0.16,IN_VEHICLE
1556870216952,0.14,ON_FOOT
1556870216952,0.14,WALKING
1556870216952,0.07,ON_BICYCLE
1556870216952,0.07,RUNNING
1556870256338,0.4,UNKNOWN
1556870256338,0.1,IN_VEHICLE
1556870256338,0.1,ON_BICYCLE
1556870256338,0.1,ON_FOOT
1556870256338,0.1,STILL
1556870256338,0.1,WALKING
1556870256338,0.1,RUNNING
1556870295670,0.4,UNKNOWN
1556870295670,0.1,IN_VEHICLE
1556870295670,0.1,ON_BICYCLE
1556870295670,0.1,ON_FOOT
1556870295670,0.1,STILL
1556870295670,0.1,WALKING
1556870295670,0.1,RUNNING
1556870336457,1.0,TILTING
1556870377243,0.64,ON_FOOT
1556870377243,0.64,WALKING
1556870377243,0.16,UNKNOWN
1556870377243,0.04,IN_VEHICLE
1556870377243,0.04,ON_BICYCLE
1556870377243,0.04,STILL
1556870377243,0.04,RUNNING
1556870528981,0.31,UNKNOWN
1556870528981,0.17,STILL
1556870528981,0.16,ON_FOOT
1556870528981,0.16,WALKING
1556870528981,0.11,IN_VEHICLE
1556870528981,0.09,ON_BICYCLE
1556870528981,0.08,RUNNING
1556870594096,1.0,TILTING
1556870659211,0.58,ON_FOOT
1556870659211,0.58,WALKING
1556870659211,0.17,UNKNOWN
1556870659211,0.07,STILL
1556870659211,0.05,IN_VEHICLE
1556870659211,0.05,ON_BICYCLE
1556870659211,0.04,RUNNING
1556870663062,0.98,ON_FOOT
1556870663062,0.98,WALKING
1556870663062,0.01,STILL
1556870663062,0.01,UNKNOWN
1556870667765,0.98,ON_FOOT
1556870667765,0.98,WALKING
1556870667765,0.01,STILL
1556870667765,0.01,UNKNOWN
1556870671762,0.99,ON_FOOT
1556870671762,0.99,WALKING
1556870671762,0.01,UNKNOWN
1556870674021,1.0,TILTING
1556870676279,0.76,ON_FOOT
1556870676279,0.76,WALKING
1556870676279,0.09,STILL
1556870676279,0.05,IN_VEHICLE
1556870676279,0.04,ON_BICYCLE
1556870676279,0.01,UNKNOWN
1556870676279,0.01,RUNNING
1556870686826,0.5,ON_FOOT
1556870686826,0.5,WALKING
1556870686826,0.21,UNKNOWN
1556870686826,0.06,IN_VEHICLE
1556870686826,0.06,ON_BICYCLE
1556870686826,0.06,STILL
1556870686826,0.06,RUNNING
1556870699764,0.52,ON_FOOT
1556870699764,0.52,WALKING
1556870699764,0.22,UNKNOWN
1556870699764,0.06,IN_VEHICLE
1556870699764,0.06,STILL
1556870699764,0.05,ON_BICYCLE
1556870699764,0.05,RUNNING
1556870723471,0.31,UNKNOWN
1556870723471,0.19,STILL
1556870723471,0.15,IN_VEHICLE
1556870723471,0.1,ON_FOOT
1556870723471,0.1,WALKING
1556870723471,0.08,ON_BICYCLE
1556870723471,0.08,RUNNING
1556870747148,0.4,UNKNOWN
1556870747148,0.1,IN_VEHICLE
1556870747148,0.1,ON_BICYCLE
1556870747148,0.1,ON_FOOT
1556870747148,0.1,STILL
1556870747148,0.1,WALKING
1556870747148,0.1,RUNNING
1556870786552,0.31,UNKNOWN
1556870786552,0.17,STILL
1556870786552,0.13,IN_VEHICLE
1556870786552,0.12,ON_FOOT
1556870786552,0.12,WALKING
1556870786552,0.08,ON_BICYCLE
1556870786552,0.08,RUNNING
1556870825861,0.27,STILL
1556870825861,0.21,UNKNOWN
1556870825861,0.2,IN_VEHICLE
1556870825861,0.12,ON_FOOT
1556870825861,0.12,WALKING
1556870825861,0.06,ON_BICYCLE
1556870825861,0.05,RUNNING
1556870839755,0.36,STILL
1556870839755,0.23,IN_VEHICLE
1556870839755,0.14,ON_FOOT
1556870839755,0.14,WALKING
1556870839755,0.03,UNKNOWN
1556870839755,0.02,ON_BICYCLE
1556870889638,0.9,ON_FOOT
1556870889638,0.9,WALKING
1556870889638,0.03,UNKNOWN
1556870889638,0.02,IN_VEHICLE
1556870889638,0.02,STILL
1556870889638,0.01,ON_BICYCLE
1556870889638,0.01,RUNNING
1556870891840,1.0,TILTING
1556870894042,0.88,ON_FOOT
1556870894042,0.88,WALKING
1556870894042,0.07,STILL
1556870894042,0.02,UNKNOWN
1556870894042,0.01,IN_VEHICLE
1556870894042,0.01,ON_BICYCLE
1556870896324,1.0,TILTING
1556870898606,0.79,ON_FOOT
1556870898606,0.79,WALKING
1556870898606,0.06,STILL
1556870898606,0.05,IN_VEHICLE
1556870898606,0.05,ON_BICYCLE
1556870898606,0.02,UNKNOWN
1556870898606,0.01,RUNNING
1556870908839,1.0,TILTING
1556870919071,0.3,UNKNOWN
1556870919071,0.21,STILL
1556870919071,0.12,ON_FOOT
1556870919071,0.12,WALKING
1556870919071,0.11,IN_VEHICLE
1556870919071,0.09,ON_BICYCLE
1556870919071,0.08,RUNNING
1556870940432,0.58,STILL
1556870940432,0.22,IN_VEHICLE
1556870940432,0.05,ON_FOOT
1556870940432,0.05,WALKING
1556870940432,0.02,ON_BICYCLE
1556870940432,0.02,UNKNOWN
1556870954324,0.71,STILL
1556870954324,0.13,IN_VEHICLE
1556870954324,0.05,ON_FOOT
1556870954324,0.05,WALKING
1556870954324,0.02,ON_BICYCLE
1556870954324,0.01,UNKNOWN
1556870968133,0.76,STILL
1556870968133,0.11,IN_VEHICLE
1556870968133,0.02,UNKNOWN
1556870968133,0.01,ON_FOOT
1556870968133,0.01,WALKING
1556870982048,0.71,STILL
1556870982048,0.12,IN_VEHICLE
1556870982048,0.06,ON_FOOT
1556870982048,0.06,WALKING
1556870982048,0.02,ON_BICYCLE
1556870982048,0.01,UNKNOWN
1556870995877,0.77,STILL
1556870995877,0.1,IN_VEHICLE
1556870995877,0.03,ON_FOOT
1556870995877,0.03,WALKING
1556870995877,0.01,ON_BICYCLE
1556870995877,0.01,UNKNOWN
1556871009726,0.78,STILL
1556871009726,0.13,IN_VEHICLE
1556871009726,0.02,ON_FOOT
1556871009726,0.02,WALKING
1556871009726,0.01,UNKNOWN
1556871023531,0.62,STILL
1556871023531,0.19,IN_VEHICLE
1556871023531,0.06,ON_FOOT
1556871023531,0.06,WALKING
1556871023531,0.02,ON_BICYCLE
1556871023531,0.02,UNKNOWN
1556871037401,0.78,STILL
1556871037401,0.09,IN_VEHICLE
1556871037401,0.04,ON_FOOT
1556871037401,0.04,WALKING
1556871037401,0.02,UNKNOWN
1556871037401,0.01,ON_BICYCLE
1556871051288,0.41,STILL
1556871051288,0.25,IN_VEHICLE
1556871051288,0.12,ON_FOOT
1556871051288,0.12,WALKING
1556871051288,0.05,ON_BICYCLE
1556871051288,0.02,UNKNOWN
1556871065311,0.39,STILL
1556871065311,0.22,IN_VEHICLE
1556871065311,0.2,ON_FOOT
1556871065311,0.2,WALKING
1556871065311,0.03,ON_BICYCLE
1556871065311,0.02,UNKNOWN
1556871079124,0.37,STILL
1556871079124,0.29,ON_FOOT
1556871079124,0.29,WALKING
1556871079124,0.21,IN_VEHICLE
1556871079124,0.02,ON_BICYCLE
1556871079124,0.02,UNKNOWN
1556871101447,0.28,STILL
1556871101447,0.21,UNKNOWN
1556871101447,0.16,IN_VEHICLE
1556871101447,0.1,ON_FOOT
1556871101447,0.1,WALKING
1556871101447,0.07,ON_BICYCLE
1556871101447,0.05,RUNNING
1556871123821,0.22,UNKNOWN
1556871123821,0.19,STILL
1556871123821,0.18,IN_VEHICLE
1556871123821,0.16,ON_FOOT
1556871123821,0.16,WALKING
1556871123821,0.06,ON_BICYCLE
1556871123821,0.05,RUNNING
1556871166830,0.25,STILL
1556871166830,0.21,UNKNOWN
1556871166830,0.18,ON_FOOT
1556871166830,0.18,WALKING
1556871166830,0.16,IN_VEHICLE
1556871166830,0.06,ON_BICYCLE
1556871166830,0.05,RUNNING
1556871180663,0.6,STILL
1556871180663,0.15,IN_VEHICLE
1556871180663,0.07,ON_FOOT
1556871180663,0.07,WALKING
1556871180663,0.02,ON_BICYCLE
1556871180663,0.02,UNKNOWN
1556871220048,0.3,UNKNOWN
1556871220048,0.19,STILL
1556871220048,0.15,IN_VEHICLE
1556871220048,0.1,ON_FOOT
1556871220048,0.1,WALKING
1556871220048,0.08,ON_BICYCLE
1556871220048,0.08,RUNNING
1556871238914,1.0,TILTING
1556871257779,0.67,STILL
1556871257779,0.12,ON_FOOT
1556871257779,0.12,WALKING
1556871257779,0.1,IN_VEHICLE
1556871257779,0.04,ON_BICYCLE
1556871257779,0.02,UNKNOWN
1556871268958,1.0,TILTING
1556871280137,0.25,STILL
1556871280137,0.22,UNKNOWN
1556871280137,0.16,IN_VEHICLE
1556871280137,0.15,ON_FOOT
1556871280137,0.15,WALKING
1556871280137,0.1,ON_BICYCLE
1556871280137,0.05,RUNNING
1556871294027,0.32,STILL
1556871294027,0.28,ON_BICYCLE
1556871294027,0.16,IN_VEHICLE
1556871294027,0.16,ON_FOOT
1556871294027,0.16,WALKING
1556871294027,0.03,UNKNOWN
1556871316381,0.32,STILL
1556871316381,0.22,UNKNOWN
1556871316381,0.17,ON_FOOT
1556871316381,0.17,WALKING
1556871316381,0.1,ON_BICYCLE
1556871316381,0.08,IN_VEHICLE
1556871316381,0.06,RUNNING
1556871338697,0.21,STILL
1556871338697,0.21,UNKNOWN
1556871338697,0.18,ON_FOOT
1556871338697,0.18,WALKING
1556871338697,0.16,ON_BICYCLE
1556871338697,0.12,IN_VEHICLE
1556871338697,0.05,RUNNING
1556871359134,1.0,TILTING
1556871379571,0.5,UNKNOWN
1556871379571,0.1,ON_BICYCLE
1556871379571,0.08,STILL
1556871379571,0.06,IN_VEHICLE
1556871379571,0.03,ON_FOOT
1556871379571,0.03,WALKING
1556871379571,0.02,RUNNING
1556871416972,0.49,STILL
1556871416972,0.13,ON_FOOT
1556871416972,0.13,WALKING
1556871416972,0.12,IN_VEHICLE
1556871416972,0.12,UNKNOWN
1556871416972,0.05,ON_BICYCLE
1556871416972,0.03,RUNNING
1556871430806,0.79,STILL
1556871430806,0.08,IN_VEHICLE
1556871430806,0.02,ON_FOOT
1556871430806,0.02,UNKNOWN
1556871430806,0.02,WALKING
1556871430806,0.01,ON_BICYCLE
1556871453095,0.43,STILL
1556871453095,0.21,UNKNOWN
1556871453095,0.1,IN_VEHICLE
1556871453095,0.08,ON_FOOT
1556871453095,0.08,WALKING
1556871453095,0.06,ON_BICYCLE
1556871453095,0.05,RUNNING
1556871466963,0.55,STILL
1556871466963,0.21,IN_VEHICLE
1556871466963,0.1,ON_FOOT
1556871466963,0.1,WALKING
1556871466963,0.03,ON_BICYCLE
1556871466963,0.01,UNKNOWN
1556871480799,0.8,STILL
1556871480799,0.08,ON_FOOT
1556871480799,0.08,WALKING
1556871480799,0.06,IN_VEHICLE
1556871480799,0.02,ON_BICYCLE
1556871480799,0.01,UNKNOWN
1556871494712,0.5,STILL
1556871494712,0.21,IN_VEHICLE
1556871494712,0.14,ON_FOOT
1556871494712,0.14,WALKING
1556871494712,0.04,ON_BICYCLE
1556871494712,0.02,UNKNOWN
1556871508548,0.76,STILL
1556871508548,0.11,ON_FOOT
1556871508548,0.11,WALKING
1556871508548,0.05,IN_VEHICLE
1556871508548,0.02,ON_BICYCLE
1556871508548,0.02,UNKNOWN
1556871522409,0.57,STILL
1556871522409,0.16,IN_VEHICLE
1556871522409,0.09,ON_FOOT
1556871522409,0.09,WALKING
1556871522409,0.05,ON_BICYCLE
1556871522409,0.02,UNKNOWN
1556871536269,0.52,STILL
1556871536269,0.24,IN_VEHICLE
1556871536269,0.08,ON_FOOT
1556871536269,0.08,WALKING
1556871536269,0.02,ON_BICYCLE
1556871536269,0.02,UNKNOWN
1556871544857,1.0,TILTING
1556871553445,0.44,STILL
1556871553445,0.28,ON_BICYCLE
1556871553445,0.18,ON_FOOT
1556871553445,0.18,WALKING
1556871553445,0.05,IN_VEHICLE
1556871553445,0.03,UNKNOWN
1556871592799,0.31,UNKNOWN
1556871592799,0.2,STILL
1556871592799,0.11,IN_VEHICLE
1556871592799,0.11,ON_BICYCLE
1556871592799,0.11,ON_FOOT
1556871592799,0.11,WALKING
1556871592799,0.08,RUNNING
1556871632067,0.29,STILL
1556871632067,0.21,UNKNOWN
1556871632067,0.15,ON_FOOT
1556871632067,0.15,WALKING
1556871632067,0.12,ON_BICYCLE
1556871632067,0.11,IN_VEHICLE
1556871632067,0.05,RUNNING
1556871654400,0.29,STILL
1556871654400,0.21,UNKNOWN
1556871654400,0.14,ON_BICYCLE
1556871654400,0.12,IN_VEHICLE
1556871654400,0.1,ON_FOOT
1556871654400,0.1,WALKING
1556871654400,0.05,RUNNING
1556871676748,0.35,STILL
1556871676748,0.21,UNKNOWN
1556871676748,0.14,IN_VEHICLE
1556871676748,0.1,ON_BICYCLE
1556871676748,0.08,ON_FOOT
1556871676748,0.08,WALKING
1556871676748,0.05,RUNNING
1556871692525,1.0,TILTING
1556871708301,0.27,UNKNOWN
1556871708301,0.19,STILL
1556871708301,0.16,ON_FOOT
1556871708301,0.16,WALKING
1556871708301,0.14,IN_VEHICLE
1556871708301,0.08,ON_BICYCLE
1556871708301,0.07,RUNNING
1556871749056,0.31,UNKNOWN
1556871749056,0.16,STILL
1556871749056,0.14,ON_FOOT
1556871749056,0.14,WALKING
1556871749056,0.13,IN_VEHICLE
1556871749056,0.09,ON_BICYCLE
1556871749056,0.08,RUNNING
1556871788978,0.34,STILL
1556871788978,0.21,UNKNOWN
1556871788978,0.14,IN_VEHICLE
1556871788978,0.1,ON_FOOT
1556871788978,0.1,WALKING
1556871788978,0.06,ON_BICYCLE
1556871788978,0.05,RUNNING
1556871828864,0.4,UNKNOWN
1556871828864,0.1,IN_VEHICLE
1556871828864,0.1,ON_BICYCLE
1556871828864,0.1,ON_FOOT
1556871828864,0.1,STILL
1556871828864,0.1,WALKING
1556871828864,0.1,RUNNING
1556871869722,0.29,STILL
1556871869722,0.21,UNKNOWN
1556871869722,0.14,IN_VEHICLE
1556871869722,0.14,ON_FOOT
1556871869722,0.14,WALKING
1556871869722,0.06,ON_BICYCLE
1556871869722,0.05,RUNNING
1556871895451,0.27,UNKNOWN
1556871895451,0.19,STILL
1556871895451,0.18,ON_FOOT
1556871895451,0.18,WALKING
1556871895451,0.13,IN_VEHICLE
1556871895451,0.07,ON_BICYCLE
1556871895451,0.07,RUNNING
1556871934817,0.28,STILL
1556871934817,0.21,UNKNOWN
1556871934817,0.15,IN_VEHICLE
1556871934817,0.14,ON_FOOT
1556871934817,0.14,WALKING
1556871934817,0.06,ON_BICYCLE
1556871934817,0.05,RUNNING
1556871957316,0.27,STILL
1556871957316,0.21,UNKNOWN
1556871957316,0.17,ON_FOOT
1556871957316,0.17,WALKING
1556871957316,0.15,IN_VEHICLE
1556871957316,0.06,ON_BICYCLE
1556871957316,0.05,RUNNING
1556871975419,1.0,TILTING
1556871993522,0.4,UNKNOWN
1556871993522,0.1,IN_VEHICLE
1556871993522,0.1,ON_BICYCLE
1556871993522,0.1,ON_FOOT
1556871993522,0.1,STILL
1556871993522,0.1,WALKING
1556871993522,0.1,RUNNING
1556872032972,0.31,UNKNOWN
1556872032972,0.2,STILL
1556872032972,0.13,IN_VEHICLE
1556872032972,0.09,ON_BICYCLE
1556872032972,0.09,ON_FOOT
1556872032972,0.09,WALKING
1556872032972,0.08,RUNNING
1556872072427,0.36,STILL
1556872072427,0.21,UNKNOWN
1556872072427,0.13,IN_VEHICLE
1556872072427,0.09,ON_FOOT
1556872072427,0.09,WALKING
1556872072427,0.07,ON_BICYCLE
1556872072427,0.05,RUNNING
1556872086305,0.36,STILL
1556872086305,0.24,ON_FOOT
1556872086305,0.24,WALKING
1556872086305,0.22,IN_VEHICLE
1556872086305,0.04,ON_BICYCLE
1556872086305,0.03,UNKNOWN
1556872108646,0.22,STILL
1556872108646,0.21,UNKNOWN
1556872108646,0.16,IN_VEHICLE
1556872108646,0.15,ON_FOOT
1556872108646,0.15,WALKING
1556872108646,0.06,ON_BICYCLE
1556872108646,0.05,RUNNING
1556872122485,0.67,STILL
1556872122485,0.13,IN_VEHICLE
1556872122485,0.07,ON_FOOT
1556872122485,0.07,WALKING
1556872122485,0.02,ON_BICYCLE
1556872122485,0.02,UNKNOWN
1556872144835,0.22,STILL
1556872144835,0.21,UNKNOWN
1556872144835,0.14,IN_VEHICLE
1556872144835,0.14,ON_FOOT
1556872144835,0.14,WALKING
1556872144835,0.13,ON_BICYCLE
1556872144835,0.06,RUNNING
1556872158680,0.65,STILL
1556872158680,0.17,IN_VEHICLE
1556872158680,0.13,ON_FOOT
1556872158680,0.13,WALKING
1556872158680,0.02,ON_BICYCLE
1556872158680,0.01,UNKNOWN
1556872172512,0.75,STILL
1556872172512,0.1,IN_VEHICLE
1556872172512,0.07,ON_FOOT
1556872172512,0.07,WALKING
1556872172512,0.02,UNKNOWN
1556872172512,0.01,ON_BICYCLE
1556872186334,0.29,STILL
1556872186334,0.27,IN_VEHICLE
1556872186334,0.25,ON_FOOT
1556872186334,0.25,WALKING
1556872186334,0.04,ON_BICYCLE
1556872186334,0.02,UNKNOWN
1556872186334,0.01,RUNNING
1556872200133,0.51,STILL
1556872200133,0.15,IN_VEHICLE
1556872200133,0.14,ON_FOOT
1556872200133,0.14,WALKING
1556872200133,0.06,ON_BICYCLE
1556872200133,0.02,UNKNOWN
1556872213944,0.38,STILL
1556872213944,0.28,IN_VEHICLE
1556872213944,0.06,ON_FOOT
1556872213944,0.06,WALKING
1556872213944,0.03,ON_BICYCLE
1556872213944,0.02,UNKNOWN
1556872231580,1.0,TILTING
1556872249216,0.31,ON_FOOT
1556872249216,0.31,UNKNOWN
1556872249216,0.31,WALKING
1556872249216,0.09,STILL
1556872249216,0.08,IN_VEHICLE
1556872249216,0.08,ON_BICYCLE
1556872249216,0.08,RUNNING
1556872269821,0.65,ON_FOOT
1556872269821,0.65,WALKING
1556872269821,0.12,UNKNOWN
1556872269821,0.09,STILL
1556872269821,0.04,IN_VEHICLE
1556872269821,0.04,ON_BICYCLE
1556872269821,0.03,RUNNING
1556872283375,1.0,TILTING
1556872296928,0.4,UNKNOWN
1556872296928,0.1,IN_VEHICLE
1556872296928,0.1,ON_BICYCLE
1556872296928,0.1,ON_FOOT
1556872296928,0.1,STILL
1556872296928,0.1,WALKING
1556872296928,0.1,RUNNING
1556872329054,0.39,STILL
1556872329054,0.17,UNKNOWN
1556872329054,0.15,ON_FOOT
1556872329054,0.15,WALKING
1556872329054,0.1,IN_VEHICLE
1556872329054,0.05,ON_BICYCLE
1556872329054,0.04,RUNNING
1556872342950,1.0,STILL
1556872356858,1.0,STILL
1556872370707,1.0,STILL
1556872384559,1.0,STILL
1556872398429,0.63,STILL
1556872398429,0.15,IN_VEHICLE
1556872398429,0.08,ON_FOOT
1556872398429,0.08,WALKING
1556872398429,0.03,ON_BICYCLE
1556872398429,0.02,UNKNOWN
1556872409521,1.0,TILTING
1556872420613,0.82,ON_FOOT
1556872420613,0.82,WALKING
1556872420613,0.05,IN_VEHICLE
1556872420613,0.05,STILL
1556872420613,0.04,ON_BICYCLE
1556872420613,0.02,UNKNOWN
1556872429631,0.52,ON_FOOT
1556872429631,0.52,WALKING
1556872429631,0.21,UNKNOWN
1556872429631,0.06,IN_VEHICLE
1556872429631,0.06,ON_BICYCLE
1556872429631,0.06,STILL
1556872429631,0.05,RUNNING
1556872434159,0.85,ON_FOOT
1556872434159,0.85,WALKING
1556872434159,0.05,STILL
1556872434159,0.04,IN_VEHICLE
1556872434159,0.02,ON_BICYCLE
1556872434159,0.02,UNKNOWN
1556872438710,0.85,ON_FOOT
1556872438710,0.85,WALKING
1556872438710,0.07,STILL
1556872438710,0.02,IN_VEHICLE
1556872438710,0.02,ON_BICYCLE
1556872438710,0.02,UNKNOWN
1556872438710,0.01,RUNNING
1556872449803,0.51,ON_FOOT
1556872449803,0.51,WALKING
1556872449803,0.21,UNKNOWN
1556872449803,0.08,ON_BICYCLE
1556872449803,0.06,STILL
1556872449803,0.05,IN_VEHICLE
1556872449803,0.05,RUNNING
1556872454325,0.79,ON_FOOT
1556872454325,0.79,WALKING
1556872454325,0.09,ON_BICYCLE
1556872454325,0.05,STILL
1556872454325,0.03,IN_VEHICLE
1556872454325,0.02,UNKNOWN
1556872459079,0.93,ON_FOOT
1556872459079,0.93,WALKING
1556872459079,0.03,STILL
1556872459079,0.03,UNKNOWN
1556872459079,0.01,IN_VEHICLE
1556872463704,0.77,ON_FOOT
1556872463704,0.77,WALKING
1556872463704,0.07,IN_VEHICLE
1556872463704,0.06,ON_BICYCLE
1556872463704,0.05,STILL
1556872463704,0.02,UNKNOWN
1556872463704,0.01,RUNNING
1556872482083,0.33,ON_FOOT
1556872482083,0.33,WALKING
1556872482083,0.28,UNKNOWN
1556872482083,0.1,STILL
1556872482083,0.08,IN_VEHICLE
1556872482083,0.08,ON_BICYCLE
1556872482083,0.07,RUNNING
1556872507265,0.28,STILL
1556872507265,0.25,UNKNOWN
1556872507265,0.13,IN_VEHICLE
1556872507265,0.11,ON_FOOT
1556872507265,0.11,WALKING
1556872507265,0.09,ON_BICYCLE
1556872507265,0.06,RUNNING
1556872511793,0.65,STILL
1556872511793,0.1,ON_FOOT
1556872511793,0.1,WALKING
1556872511793,0.09,IN_VEHICLE
1556872511793,0.07,ON_BICYCLE
1556872511793,0.03,UNKNOWN
1556872526013,0.76,STILL
1556872526013,0.12,ON_FOOT
1556872526013,0.12,WALKING
1556872526013,0.04,IN_VEHICLE
1556872526013,0.03,ON_BICYCLE
1556872526013,0.02,UNKNOWN
1556872539857,0.63,STILL
1556872539857,0.13,IN_VEHICLE
1556872539857,0.09,ON_BICYCLE
1556872539857,0.07,ON_FOOT
1556872539857,0.07,WALKING
1556872539857,0.03,UNKNOWN
1556872553696,0.97,STILL
1556872553696,0.02,IN_VEHICLE
1556872553696,0.01,UNKNOWN
1556872584642,0.28,STILL
1556872584642,0.28,UNKNOWN
1556872584642,0.11,ON_FOOT
1556872584642,0.11,WALKING
1556872584642,0.09,IN_VEHICLE
1556872584642,0.08,ON_BICYCLE
1556872584642,0.07,RUNNING
1556872598461,0.42,STILL
1556872598461,0.36,ON_FOOT
1556872598461,0.36,WALKING
1556872598461,0.07,ON_BICYCLE
1556872598461,0.06,IN_VEHICLE
1556872598461,0.02,UNKNOWN
1556872598461,0.01,RUNNING
1556872620795,0.22,STILL
1556872620795,0.21,UNKNOWN
1556872620795,0.16,ON_FOOT
1556872620795,0.16,WALKING
1556872620795,0.14,IN_VEHICLE
1556872620795,0.12,ON_BICYCLE
1556872620795,0.05,RUNNING
1556872634727,0.76,STILL
1556872634727,0.1,IN_VEHICLE
1556872634727,0.06,ON_FOOT
1556872634727,0.06,WALKING
1556872634727,0.03,ON_BICYCLE
1556872634727,0.02,UNKNOWN
1556872648590,0.37,STILL
1556872648590,0.26,ON_FOOT
1556872648590,0.26,WALKING
1556872648590,0.15,IN_VEHICLE
1556872648590,0.12,ON_BICYCLE
1556872648590,0.02,UNKNOWN
1556872648590,0.01,RUNNING
1556872662434,0.53,STILL
1556872662434,0.22,ON_FOOT
1556872662434,0.22,WALKING
1556872662434,0.09,IN_VEHICLE
1556872662434,0.09,ON_BICYCLE
1556872662434,0.02,UNKNOWN
1556872676286,1.0,STILL
1556872698609,0.54,STILL
1556872698609,0.21,UNKNOWN
1556872698609,0.06,IN_VEHICLE
1556872698609,0.05,ON_BICYCLE
1556872698609,0.05,ON_FOOT
1556872698609,0.05,WALKING
1556872698609,0.05,RUNNING
1556872712453,0.77,STILL
1556872712453,0.08,IN_VEHICLE
1556872712453,0.06,ON_FOOT
1556872712453,0.06,WALKING
1556872712453,0.03,UNKNOWN
1556872712453,0.02,ON_BICYCLE
1556872726304,1.0,STILL
1556872740145,0.75,STILL
1556872740145,0.12,IN_VEHICLE
1556872740145,0.05,ON_FOOT
1556872740145,0.05,WALKING
1556872740145,0.04,ON_BICYCLE
1556872740145,0.01,UNKNOWN
1556872753980,0.74,STILL
1556872753980,0.19,IN_VEHICLE
1556872753980,0.02,ON_BICYCLE
1556872753980,0.02,ON_FOOT
1556872753980,0.02,UNKNOWN
1556872753980,0.02,WALKING
1556872778155,0.25,STILL
1556872778155,0.21,UNKNOWN
1556872778155,0.17,ON_FOOT
1556872778155,0.17,WALKING
1556872778155,0.13,IN_VEHICLE
1556872778155,0.11,ON_BICYCLE
1556872778155,0.05,RUNNING
1556872791977,0.93,STILL
1556872791977,0.05,IN_VEHICLE
1556872791977,0.02,UNKNOWN
1556872805788,0.52,STILL
1556872805788,0.17,IN_VEHICLE
1556872805788,0.16,ON_FOOT
1556872805788,0.16,WALKING
1556872805788,0.06,ON_BICYCLE
1556872805788,0.03,UNKNOWN
1556872825974,0.55,STILL
1556872825974,0.21,IN_VEHICLE
1556872825974,0.07,ON_FOOT
1556872825974,0.07,WALKING
1556872825974,0.06,ON_BICYCLE
1556872825974,0.02,UNKNOWN
1556872839858,0.45,STILL
1556872839858,0.19,IN_VEHICLE
1556872839858,0.16,ON_FOOT
1556872839858,0.16,WALKING
1556872839858,0.09,ON_BICYCLE
1556872839858,0.03,UNKNOWN
1556872862200,0.55,STILL
1556872862200,0.2,UNKNOWN
1556872862200,0.05,IN_VEHICLE
1556872862200,0.05,ON_BICYCLE
1556872862200,0.05,ON_FOOT
1556872862200,0.05,WALKING
1556872862200,0.05,RUNNING
1556872884533,0.23,STILL
1556872884533,0.21,UNKNOWN
1556872884533,0.17,ON_FOOT
1556872884533,0.17,WALKING
1556872884533,0.16,ON_BICYCLE
1556872884533,0.1,IN_VEHICLE
1556872884533,0.05,RUNNING
1556872900103,0.5,STILL
1556872900103,0.18,ON_FOOT
1556872900103,0.18,WALKING
1556872900103,0.13,ON_BICYCLE
1556872900103,0.11,IN_VEHICLE
1556872900103,0.01,UNKNOWN
1556872913967,0.47,STILL
1556872913967,0.17,ON_BICYCLE
1556872913967,0.17,ON_FOOT
1556872913967,0.17,WALKING
1556872913967,0.12,IN_VEHICLE
1556872913967,0.02,UNKNOWN
1556872927841,0.65,STILL
1556872927841,0.26,IN_VEHICLE
1556872927841,0.04,ON_BICYCLE
1556872927841,0.03,ON_FOOT
1556872927841,0.03,WALKING
1556872927841,0.01,UNKNOWN
1556872941676,0.66,STILL
1556872941676,0.21,IN_VEHICLE
1556872941676,0.05,ON_BICYCLE
1556872941676,0.03,ON_FOOT
1556872941676,0.03,WALKING
1556872941676,0.02,UNKNOWN
1556872955546,0.55,STILL
1556872955546,0.22,ON_FOOT
1556872955546,0.22,WALKING
1556872955546,0.09,ON_BICYCLE
1556872955546,0.07,IN_VEHICLE
1556872955546,0.02,UNKNOWN
1556872955546,0.01,RUNNING
1556872969396,0.39,STILL
1556872969396,0.3,IN_VEHICLE
1556872969396,0.21,ON_FOOT
1556872969396,0.21,WALKING
1556872969396,0.03,ON_BICYCLE
1556872969396,0.02,UNKNOWN
1556872983262,0.72,STILL
1556872983262,0.17,IN_VEHICLE
1556872983262,0.04,ON_BICYCLE
1556872983262,0.03,ON_FOOT
1556872983262,0.03,WALKING
1556872983262,0.02,UNKNOWN
1556872997107,0.73,STILL
1556872997107,0.09,ON_BICYCLE
1556872997107,0.09,ON_FOOT
1556872997107,0.09,WALKING
1556872997107,0.04,IN_VEHICLE
1556872997107,0.02,UNKNOWN
1556875320508,1.0,TILTING
1556877643909,0.63,ON_FOOT
1556877643909,0.63,WALKING
1556877643909,0.17,UNKNOWN
1556877643909,0.04,IN_VEHICLE
1556877643909,0.04,ON_BICYCLE
1556877643909,0.04,STILL
1556877643909,0.04,RUNNING
1556877691311,1.0,TILTING
1556877738713,0.4,UNKNOWN
1556877738713,0.1,IN_VEHICLE
1556877738713,0.1,ON_BICYCLE
1556877738713,0.1,ON_FOOT
1556877738713,0.1,STILL
1556877738713,0.1,WALKING
1556877738713,0.1,RUNNING
1556877770671,0.6,ON_FOOT
1556877770671,0.6,WALKING
1556877770671,0.17,UNKNOWN
1556877770671,0.05,IN_VEHICLE
1556877770671,0.05,STILL
1556877770671,0.05,RUNNING
1556877770671,0.04,ON_BICYCLE
1556877774855,0.97,ON_FOOT
1556877774855,0.97,WALKING
1556877774855,0.02,UNKNOWN
1556877774855,0.01,RUNNING
1556877778861,0.92,ON_FOOT
1556877778861,0.92,WALKING
1556877778861,0.04,UNKNOWN
1556877778861,0.03,RUNNING
1556877778861,0.01,ON_BICYCLE
1556877782885,0.91,ON_FOOT
1556877782885,0.91,WALKING
1556877782885,0.03,UNKNOWN
1556877782885,0.02,STILL
1556877782885,0.01,IN_VEHICLE
1556877782885,0.01,ON_BICYCLE
1556877782885,0.01,RUNNING
1556877786861,0.84,ON_FOOT
1556877786861,0.84,WALKING
1556877786861,0.05,STILL
1556877786861,0.04,IN_VEHICLE
1556877786861,0.02,ON_BICYCLE
1556877786861,0.02,UNKNOWN
1556877786861,0.01,RUNNING
1556877790855,0.84,ON_FOOT
1556877790855,0.84,WALKING
1556877790855,0.05,IN_VEHICLE
1556877790855,0.04,STILL
1556877790855,0.02,ON_BICYCLE
1556877790855,0.02,UNKNOWN
1556877790855,0.01,RUNNING
1556877803352,0.47,ON_FOOT
1556877803352,0.47,WALKING
1556877803352,0.22,UNKNOWN
1556877803352,0.08,IN_VEHICLE
1556877803352,0.07,ON_BICYCLE
1556877803352,0.07,STILL
1556877803352,0.06,RUNNING
1556877807038,0.88,ON_FOOT
1556877807038,0.88,WALKING
1556877807038,0.06,RUNNING
1556877807038,0.03,UNKNOWN
1556877807038,0.02,ON_BICYCLE
1556877807038,0.01,STILL
1556877810703,0.99,ON_FOOT
1556877810703,0.99,WALKING
1556877810703,0.01,UNKNOWN
1556877814840,0.86,ON_FOOT
1556877814840,0.86,WALKING
1556877814840,0.07,STILL
1556877814840,0.02,IN_VEHICLE
1556877814840,0.02,ON_BICYCLE
1556877814840,0.01,UNKNOWN
1556877814840,0.01,RUNNING
1556877818859,0.93,ON_FOOT
1556877818859,0.93,WALKING
1556877818859,0.03,RUNNING
1556877818859,0.02,UNKNOWN
1556877818859,0.01,ON_BICYCLE
1556877818859,0.01,STILL
1556877822427,0.88,ON_FOOT
1556877822427,0.88,WALKING
1556877822427,0.03,IN_VEHICLE
1556877822427,0.03,STILL
1556877822427,0.03,UNKNOWN
1556877822427,0.01,ON_BICYCLE
1556877822427,0.01,RUNNING
1556877834902,0.52,ON_FOOT
1556877834902,0.52,WALKING
1556877834902,0.21,UNKNOWN
1556877834902,0.06,IN_VEHICLE
1556877834902,0.06,ON_BICYCLE
1556877834902,0.06,STILL
1556877834902,0.06,RUNNING
1556877838889,0.88,ON_FOOT
1556877838889,0.88,WALKING
1556877838889,0.05,IN_VEHICLE
1556877838889,0.03,UNKNOWN
1556877838889,0.01,ON_BICYCLE
1556877838889,0.01,STILL
1556877838889,0.01,RUNNING
1556877842800,0.93,ON_FOOT
1556877842800,0.93,WALKING
1556877842800,0.03,UNKNOWN
1556877842800,0.02,IN_VEHICLE
1556877842800,0.01,ON_BICYCLE
1556877842800,0.01,STILL
1556877845249,1.0,TILTING
1556877847698,0.95,ON_FOOT
1556877847698,0.95,WALKING
1556877847698,0.03,RUNNING
1556877847698,0.01,ON_BICYCLE
1556877847698,0.01,UNKNOWN
1556877849731,1.0,TILTING
1556877851763,0.98,ON_FOOT
1556877851763,0.98,WALKING
1556877851763,0.02,UNKNOWN
1556877855776,0.98,ON_FOOT
1556877855776,0.98,WALKING
1556877855776,0.01,ON_BICYCLE
1556877855776,0.01,UNKNOWN
1556877859772,0.95,ON_FOOT
1556877859772,0.95,WALKING
1556877859772,0.02,ON_BICYCLE
1556877859772,0.02,UNKNOWN
1556877859772,0.01,STILL
1556877863384,0.98,ON_FOOT
1556877863384,0.98,WALKING
1556877863384,0.02,UNKNOWN
1556877867254,0.97,ON_FOOT
1556877867254,0.97,WALKING
1556877867254,0.02,UNKNOWN
1556877867254,0.01,ON_BICYCLE
1556877871820,0.92,ON_FOOT
1556877871820,0.92,WALKING
1556877871820,0.02,IN_VEHICLE
1556877871820,0.02,STILL
1556877871820,0.01,ON_BICYCLE
1556877871820,0.01,UNKNOWN
1556877871820,0.01,RUNNING
1556877875818,0.91,ON_FOOT
1556877875818,0.91,WALKING
1556877875818,0.02,ON_BICYCLE
1556877875818,0.02,STILL
1556877875818,0.02,UNKNOWN
1556877875818,0.01,IN_VEHICLE
1556877875818,0.01,RUNNING
1556877879660,0.87,ON_FOOT
1556877879660,0.87,WALKING
1556877879660,0.05,STILL
1556877879660,0.02,IN_VEHICLE
1556877879660,0.02,ON_BICYCLE
1556877879660,0.02,UNKNOWN
1556877879660,0.01,RUNNING
1556877883797,0.96,ON_FOOT
1556877883797,0.96,WALKING
1556877883797,0.02,UNKNOWN
1556877883797,0.01,ON_BICYCLE
1556877883797,0.01,RUNNING
1556877887853,0.88,ON_FOOT
1556877887853,0.88,WALKING
1556877887853,0.03,IN_VEHICLE
1556877887853,0.03,STILL
1556877887853,0.03,UNKNOWN
1556877887853,0.01,ON_BICYCLE
1556877887853,0.01,RUNNING
1556877900359,0.46,ON_FOOT
1556877900359,0.46,WALKING
1556877900359,0.21,UNKNOWN
1556877900359,0.07,IN_VEHICLE
1556877900359,0.07,ON_BICYCLE
1556877900359,0.07,STILL
1556877900359,0.06,RUNNING
1556877904894,0.76,ON_FOOT
1556877904894,0.76,WALKING
1556877904894,0.1,STILL
1556877904894,0.05,IN_VEHICLE
1556877904894,0.03,ON_BICYCLE
1556877904894,0.02,UNKNOWN
1556877904894,0.01,RUNNING
1556877909409,0.91,ON_FOOT
1556877909409,0.91,WALKING
1556877909409,0.04,RUNNING
1556877909409,0.02,ON_BICYCLE
1556877909409,0.02,UNKNOWN
1556877909409,0.01,STILL
1556877920666,1.0,TILTING
1556877931922,0.31,UNKNOWN
1556877931922,0.29,ON_FOOT
1556877931922,0.29,WALKING
1556877931922,0.09,ON_BICYCLE
1556877931922,0.08,IN_VEHICLE
1556877931922,0.08,STILL
1556877931922,0.08,RUNNING
1556877948096,1.0,TILTING
1556877964269,0.8,ON_FOOT
1556877964269,0.8,WALKING
1556877964269,0.07,IN_VEHICLE
1556877964269,0.05,STILL
1556877964269,0.02,ON_BICYCLE
1556877964269,0.02,UNKNOWN
1556877964269,0.01,RUNNING
1556877975536,0.45,ON_FOOT
1556877975536,0.45,WALKING
1556877975536,0.22,UNKNOWN
1556877975536,0.08,ON_BICYCLE
1556877975536,0.07,IN_VEHICLE
1556877975536,0.07,RUNNING
1556877975536,0.06,STILL
1556877980197,0.86,ON_FOOT
1556877980197,0.86,WALKING
1556877980197,0.05,STILL
1556877980197,0.03,IN_VEHICLE
1556877980197,0.02,ON_BICYCLE
1556877980197,0.01,UNKNOWN
1556877980197,0.01,RUNNING
1556877988255,1.0,TILTING
1556877996312,0.33,ON_FOOT
1556877996312,0.33,WALKING
1556877996312,0.27,UNKNOWN
1556877996312,0.08,IN_VEHICLE
1556877996312,0.08,ON_BICYCLE
1556877996312,0.08,STILL
1556877996312,0.08,RUNNING
1556878008330,1.0,TILTING
1556878020347,0.31,UNKNOWN
1556878020347,0.18,STILL
1556878020347,0.14,ON_FOOT
1556878020347,0.14,WALKING
1556878020347,0.12,IN_VEHICLE
1556878020347,0.09,ON_BICYCLE
1556878020347,0.08,RUNNING
1556878039886,1.0,TILTING
1556878059425,0.34,STILL
1556878059425,0.25,UNKNOWN
1556878059425,0.14,IN_VEHICLE
1556878059425,0.07,ON_FOOT
1556878059425,0.07,WALKING
1556878059425,0.06,ON_BICYCLE
1556878059425,0.06,RUNNING
1556878079399,1.0,TILTING
1556878099372,0.7,ON_FOOT
1556878099372,0.7,WALKING
1556878099372,0.11,UNKNOWN
1556878099372,0.05,IN_VEHICLE
1556878099372,0.04,ON_BICYCLE
1556878099372,0.04,STILL
1556878099372,0.03,RUNNING
1556878103455,0.84,ON_FOOT
1556878103455,0.84,WALKING
1556878103455,0.09,IN_VEHICLE
1556878103455,0.03,ON_BICYCLE
1556878103455,0.02,STILL
1556878103455,0.01,UNKNOWN
1556878107813,0.95,ON_FOOT
1556878107813,0.95,WALKING
1556878107813,0.02,UNKNOWN
1556878107813,0.01,IN_VEHICLE
1556878107813,0.01,ON_BICYCLE
1556878107813,0.01,STILL
1556878111836,0.91,ON_FOOT
1556878111836,0.91,WALKING
1556878111836,0.02,IN_VEHICLE
1556878111836,0.02,ON_BICYCLE
1556878111836,0.02,STILL
1556878111836,0.01,UNKNOWN
1556878111836,0.01,RUNNING
1556878120380,0.52,ON_FOOT
1556878120380,0.52,WALKING
1556878120380,0.21,UNKNOWN
1556878120380,0.06,IN_VEHICLE
1556878120380,0.06,ON_BICYCLE
1556878120380,0.06,STILL
1556878120380,0.05,RUNNING
1556878124836,0.95,ON_FOOT
1556878124836,0.95,WALKING
1556878124836,0.02,UNKNOWN
1556878124836,0.01,IN_VEHICLE
1556878124836,0.01,ON_BICYCLE
1556878124836,0.01,STILL
1556878135207,1.0,TILTING
1556878145578,0.4,UNKNOWN
1556878145578,0.1,IN_VEHICLE
1556878145578,0.1,ON_BICYCLE
1556878145578,0.1,ON_FOOT
1556878145578,0.1,STILL
1556878145578,0.1,WALKING
1556878145578,0.1,RUNNING
1556878179347,1.0,TILTING
1556878213115,0.31,UNKNOWN
1556878213115,0.16,STILL
1556878213115,0.14,ON_FOOT
1556878213115,0.14,WALKING
1556878213115,0.12,IN_VEHICLE
1556878213115,0.09,ON_BICYCLE
1556878213115,0.08,RUNNING
1556878242597,0.31,UNKNOWN
1556878242597,0.17,STILL
1556878242597,0.14,ON_FOOT
1556878242597,0.14,WALKING
1556878242597,0.13,IN_VEHICLE
1556878242597,0.08,ON_BICYCLE
1556878242597,0.08,RUNNING
1556878262833,0.31,UNKNOWN
1556878262833,0.27,ON_FOOT
1556878262833,0.27,WALKING
1556878262833,0.1,STILL
1556878262833,0.09,IN_VEHICLE
1556878262833,0.08,ON_BICYCLE
1556878262833,0.08,RUNNING
1556878283328,0.4,UNKNOWN
1556878283328,0.1,IN_VEHICLE
1556878283328,0.1,ON_BICYCLE
1556878283328,0.1,ON_FOOT
1556878283328,0.1,STILL
1556878283328,0.1,WALKING
1556878283328,0.1,RUNNING
1556878324168,0.3,UNKNOWN
1556878324168,0.15,STILL
1556878324168,0.13,IN_VEHICLE
1556878324168,0.13,ON_FOOT
1556878324168,0.13,WALKING
1556878324168,0.1,ON_BICYCLE
1556878324168,0.08,RUNNING
1556878361656,0.83,STILL
1556878361656,0.08,ON_FOOT
1556878361656,0.08,WALKING
1556878361656,0.05,IN_VEHICLE
1556878361656,0.02,UNKNOWN
1556878361656,0.01,ON_BICYCLE
1556878375895,1.0,TILTING
1556878390133,0.34,STILL
1556878390133,0.29,IN_VEHICLE
1556878390133,0.14,ON_FOOT
1556878390133,0.14,WALKING
1556878390133,0.04,ON_BICYCLE
1556878390133,0.03,UNKNOWN
1556878412477,0.21,STILL
1556878412477,0.21,UNKNOWN
1556878412477,0.19,ON_FOOT
1556878412477,0.19,WALKING
1556878412477,0.14,IN_VEHICLE
1556878412477,0.09,ON_BICYCLE
1556878412477,0.06,RUNNING
1556878426396,1.0,STILL
1556878441703,1.0,STILL
1556878457025,0.78,STILL
1556878457025,0.19,ON_FOOT
1556878457025,0.19,WALKING
1556878457025,0.02,UNKNOWN
1556878457025,0.01,IN_VEHICLE
1556878470882,0.91,STILL
1556878470882,0.04,ON_FOOT
1556878470882,0.04,WALKING
1556878470882,0.02,IN_VEHICLE
1556878470882,0.02,UNKNOWN
1556878484727,1.0,STILL
1556878500073,1.0,STILL
1556878507693,1.0,TILTING
1556878515313,0.41,STILL
1556878515313,0.28,IN_VEHICLE
1556878515313,0.04,ON_FOOT
1556878515313,0.04,WALKING
1556878515313,0.02,ON_BICYCLE
1556878515313,0.02,UNKNOWN
1556878529415,0.44,STILL
1556878529415,0.3,IN_VEHICLE
1556878529415,0.05,ON_FOOT
1556878529415,0.05,WALKING
1556878529415,0.02,UNKNOWN
1556878529415,0.01,ON_BICYCLE
1556878543240,0.56,STILL
1556878543240,0.19,IN_VEHICLE
1556878543240,0.03,ON_FOOT
1556878543240,0.03,WALKING
1556878543240,0.02,UNKNOWN
1556878543240,0.01,ON_BICYCLE
1556878557743,0.38,STILL
1556878557743,0.26,ON_FOOT
1556878557743,0.26,WALKING
1556878557743,0.15,IN_VEHICLE
1556878557743,0.03,ON_BICYCLE
1556878557743,0.03,UNKNOWN
1556878565412,1.0,TILTING
1556878573080,0.72,STILL
1556878573080,0.13,IN_VEHICLE
1556878573080,0.06,ON_FOOT
1556878573080,0.06,WALKING
1556878573080,0.02,ON_BICYCLE
1556878573080,0.01,UNKNOWN
1556878588392,0.73,STILL
1556878588392,0.11,IN_VEHICLE
1556878588392,0.07,ON_FOOT
1556878588392,0.07,WALKING
1556878588392,0.04,ON_BICYCLE
1556878588392,0.01,UNKNOWN
1556878603767,0.91,STILL
1556878603767,0.06,ON_FOOT
1556878603767,0.06,WALKING
1556878603767,0.02,IN_VEHICLE
1556878603767,0.01,UNKNOWN
1556878619077,1.0,STILL
1556878635211,1.0,TILTING
1556878651345,0.28,STILL
1556878651345,0.27,UNKNOWN
1556878651345,0.12,IN_VEHICLE
1556878651345,0.08,ON_FOOT
1556878651345,0.08,WALKING
1556878651345,0.07,ON_BICYCLE
1556878651345,0.07,RUNNING
1556878665336,0.63,STILL
1556878665336,0.19,IN_VEHICLE
1556878665336,0.02,ON_FOOT
1556878665336,0.02,WALKING
1556878665336,0.01,ON_BICYCLE
1556878665336,0.01,UNKNOWN
1556878675293,0.52,STILL
1556878675293,0.23,IN_VEHICLE
1556878675293,0.02,ON_FOOT
1556878675293,0.02,WALKING
1556878675293,0.01,ON_BICYCLE
1556878675293,0.01,UNKNOWN
1556878699211,0.25,STILL
1556878699211,0.22,IN_VEHICLE
1556878699211,0.21,UNKNOWN
1556878699211,0.12,ON_FOOT
1556878699211,0.12,WALKING
1556878699211,0.06,ON_BICYCLE
1556878699211,0.05,RUNNING
1556878714804,0.42,STILL
1556878714804,0.3,IN_VEHICLE
1556878714804,0.04,ON_FOOT
1556878714804,0.04,WALKING
1556878714804,0.02,UNKNOWN
1556878745603,0.27,STILL
1556878745603,0.27,UNKNOWN
1556878745603,0.13,IN_VEHICLE
1556878745603,0.09,ON_FOOT
1556878745603,0.09,WALKING
1556878745603,0.07,ON_BICYCLE
1556878745603,0.07,RUNNING
1556878761092,1.0,STILL
1556878776383,0.96,STILL
1556878776383,0.02,ON_FOOT
1556878776383,0.02,WALKING
1556878776383,0.01,IN_VEHICLE
1556878776383,0.01,UNKNOWN
1556878791689,0.87,STILL
1556878791689,0.1,ON_FOOT
1556878791689,0.1,WALKING
1556878791689,0.01,IN_VEHICLE
1556878791689,0.01,ON_BICYCLE
1556878791689,0.01,UNKNOWN
1556878807029,0.85,STILL
1556878807029,0.15,ON_FOOT
1556878807029,0.15,WALKING
1556878822370,0.84,STILL
1556878822370,0.08,ON_BICYCLE
1556878822370,0.04,ON_FOOT
1556878822370,0.04,WALKING
1556878822370,0.02,IN_VEHICLE
1556878822370,0.01,UNKNOWN
1556878838473,1.0,TILTING
1556878854575,0.27,UNKNOWN
1556878854575,0.17,STILL
1556878854575,0.15,IN_VEHICLE
1556878854575,0.13,ON_FOOT
1556878854575,0.13,WALKING
1556878854575,0.09,ON_BICYCLE
1556878854575,0.07,RUNNING
1556878890576,0.7,STILL
1556878890576,0.13,IN_VEHICLE
1556878890576,0.04,ON_FOOT
1556878890576,0.04,WALKING
1556878890576,0.01,ON_BICYCLE
1556878890576,0.01,UNKNOWN
1556878904390,0.72,STILL
1556878904390,0.12,IN_VEHICLE
1556878904390,0.04,ON_FOOT
1556878904390,0.04,WALKING
1556878904390,0.01,ON_BICYCLE
1556878904390,0.01,UNKNOWN
1556878919696,0.72,STILL
1556878919696,0.1,IN_VEHICLE
1556878919696,0.05,ON_FOOT
1556878919696,0.05,WALKING
1556878919696,0.02,UNKNOWN
1556878919696,0.01,ON_BICYCLE
1556878996863,0.31,UNKNOWN
1556878996863,0.29,IN_VEHICLE
1556878996863,0.09,STILL
1556878996863,0.08,ON_BICYCLE
1556878996863,0.08,ON_FOOT
1556878996863,0.08,WALKING
1556878996863,0.08,RUNNING
1556879037212,0.42,STILL
1556879037212,0.16,IN_VEHICLE
1556879037212,0.11,ON_FOOT
1556879037212,0.11,UNKNOWN
1556879037212,0.11,WALKING
1556879037212,0.04,ON_BICYCLE
1556879037212,0.03,RUNNING
1556879061900,1.0,TILTING
1556879086588,0.55,STILL
1556879086588,0.21,IN_VEHICLE
1556879086588,0.09,UNKNOWN
1556879086588,0.05,ON_FOOT
1556879086588,0.05,WALKING
1556879086588,0.03,ON_BICYCLE
1556879086588,0.02,RUNNING
1556879096507,0.93,STILL
1556879096507,0.05,ON_FOOT
1556879096507,0.05,WALKING
1556879096507,0.01,IN_VEHICLE
1556879096507,0.01,UNKNOWN
1556879104112,1.0,TILTING
1556879111716,0.36,STILL
1556879111716,0.22,IN_VEHICLE
1556879111716,0.17,ON_FOOT
1556879111716,0.17,WALKING
1556879111716,0.03,UNKNOWN
1556879111716,0.02,ON_BICYCLE
1556879135394,0.23,STILL
1556879135394,0.21,UNKNOWN
1556879135394,0.17,ON_FOOT
1556879135394,0.17,WALKING
1556879135394,0.15,IN_VEHICLE
1556879135394,0.06,ON_BICYCLE
1556879135394,0.05,RUNNING
1556879142316,1.0,TILTING
1556879149237,0.77,STILL
1556879149237,0.1,IN_VEHICLE
1556879149237,0.07,ON_BICYCLE
1556879149237,0.03,ON_FOOT
1556879149237,0.03,WALKING
1556879149237,0.02,UNKNOWN
1556879163568,1.0,STILL
1556879178938,0.91,STILL
1556879178938,0.05,ON_FOOT
1556879178938,0.05,WALKING
1556879178938,0.02,UNKNOWN
1556879178938,0.01,IN_VEHICLE
1556879178938,0.01,ON_BICYCLE
1556879194404,0.96,STILL
1556879194404,0.02,ON_FOOT
1556879194404,0.02,UNKNOWN
1556879194404,0.02,WALKING
1556879208197,1.0,STILL
1556879468816,0.4,UNKNOWN
1556879468816,0.1,IN_VEHICLE
1556879468816,0.1,ON_BICYCLE
1556879468816,0.1,ON_FOOT
1556879468816,0.1,STILL
1556879468816,0.1,WALKING
1556879468816,0.1,RUNNING
1556879496218,0.89,STILL
1556879496218,0.05,IN_VEHICLE
1556879496218,0.02,ON_FOOT
1556879496218,0.02,UNKNOWN
1556879496218,0.02,WALKING
1556879496218,0.0,ON_BICYCLE
1556879510043,1.0,STILL
1556879525002,1.0,STILL
1556879540281,0.86,STILL
1556879540281,0.11,ON_FOOT
1556879540281,0.11,WALKING
1556879540281,0.02,UNKNOWN
1556879540281,0.01,ON_BICYCLE
1556879555377,0.97,STILL
1556879555377,0.02,UNKNOWN
1556879555377,0.01,ON_FOOT
1556879555377,0.01,WALKING
1556879566574,1.0,TILTING
1556879577770,0.38,STILL
1556879577770,0.21,UNKNOWN
1556879577770,0.13,IN_VEHICLE
1556879577770,0.07,ON_FOOT
1556879577770,0.07,WALKING
1556879577770,0.06,ON_BICYCLE
1556879577770,0.05,RUNNING
1556879592273,0.33,STILL
1556879592273,0.3,IN_VEHICLE
1556879592273,0.12,ON_FOOT
1556879592273,0.12,WALKING
1556879592273,0.05,ON_BICYCLE
1556879592273,0.02,UNKNOWN
1556879631650,0.28,UNKNOWN
1556879631650,0.19,STILL
1556879631650,0.14,IN_VEHICLE
1556879631650,0.14,ON_FOOT
1556879631650,0.14,WALKING
1556879631650,0.07,ON_BICYCLE
1556879631650,0.07,RUNNING
1556879662432,0.48,STILL
1556879662432,0.27,IN_VEHICLE
1556879662432,0.03,ON_FOOT
1556879662432,0.03,WALKING
1556879662432,0.01,ON_BICYCLE
1556879662432,0.01,UNKNOWN
1556879676275,0.56,STILL
1556879676275,0.21,IN_VEHICLE
1556879676275,0.07,ON_FOOT
1556879676275,0.07,WALKING
1556879676275,0.01,ON_BICYCLE
1556879676275,0.01,UNKNOWN
1556879690098,0.59,STILL
1556879690098,0.18,IN_VEHICLE
1556879690098,0.03,ON_FOOT
1556879690098,0.03,WALKING
1556879690098,0.02,UNKNOWN
1556879690098,0.01,ON_BICYCLE
1556879705531,0.46,STILL
1556879705531,0.3,IN_VEHICLE
1556879705531,0.02,ON_FOOT
1556879705531,0.02,WALKING
1556879705531,0.01,ON_BICYCLE
1556879705531,0.01,UNKNOWN
1556879719394,0.54,STILL
1556879719394,0.23,IN_VEHICLE
1556879719394,0.03,UNKNOWN
1556879719394,0.01,ON_FOOT
1556879719394,0.01,WALKING
1556879746512,0.31,UNKNOWN
1556879746512,0.19,STILL
1556879746512,0.12,ON_FOOT
1556879746512,0.12,WALKING
1556879746512,0.11,IN_VEHICLE
1556879746512,0.08,ON_BICYCLE
1556879746512,0.08,RUNNING
1556879766699,0.38,STILL
1556879766699,0.21,UNKNOWN
1556879766699,0.11,IN_VEHICLE
1556879766699,0.1,ON_FOOT
1556879766699,0.1,WALKING
1556879766699,0.06,ON_BICYCLE
1556879766699,0.05,RUNNING
1556879770884,0.61,STILL
1556879770884,0.18,IN_VEHICLE
1556879770884,0.06,ON_FOOT
1556879770884,0.06,WALKING
1556879770884,0.01,ON_BICYCLE
1556879770884,0.01,UNKNOWN
1556879793193,0.33,STILL
1556879793193,0.21,UNKNOWN
1556879793193,0.14,IN_VEHICLE
1556879793193,0.11,ON_FOOT
1556879793193,0.11,WALKING
1556879793193,0.06,ON_BICYCLE
1556879793193,0.05,RUNNING
1556879815665,0.43,STILL
1556879815665,0.21,UNKNOWN
1556879815665,0.11,IN_VEHICLE
1556879815665,0.07,ON_FOOT
1556879815665,0.07,WALKING
1556879815665,0.06,ON_BICYCLE
1556879815665,0.05,RUNNING
1556879829506,0.38,STILL
1556879829506,0.26,ON_FOOT
1556879829506,0.26,WALKING
1556879829506,0.16,IN_VEHICLE
1556879829506,0.03,ON_BICYCLE
1556879829506,0.02,UNKNOWN
1556879843326,0.37,STILL
1556879843326,0.31,ON_FOOT
1556879843326,0.31,WALKING
1556879843326,0.15,IN_VEHICLE
1556879843326,0.02,ON_BICYCLE
1556879843326,0.02,UNKNOWN
1556879857165,0.6,STILL
1556879857165,0.15,IN_VEHICLE
1556879857165,0.08,ON_FOOT
1556879857165,0.08,WALKING
1556879857165,0.02,ON_BICYCLE
1556879857165,0.01,UNKNOWN
1556879871068,0.37,STILL
1556879871068,0.21,IN_VEHICLE
1556879871068,0.2,ON_FOOT
1556879871068,0.2,WALKING
1556879871068,0.03,UNKNOWN
1556879871068,0.02,ON_BICYCLE
1556879884901,0.39,STILL
1556879884901,0.29,IN_VEHICLE
1556879884901,0.07,ON_FOOT
1556879884901,0.07,WALKING
1556879884901,0.03,UNKNOWN
1556879884901,0.02,ON_BICYCLE
1556879901629,0.65,STILL
1556879901629,0.14,IN_VEHICLE
1556879901629,0.04,ON_FOOT
1556879901629,0.04,WALKING
1556879901629,0.03,UNKNOWN
1556879901629,0.01,ON_BICYCLE
1556879915456,0.74,STILL
1556879915456,0.11,IN_VEHICLE
1556879915456,0.04,ON_FOOT
1556879915456,0.04,WALKING
1556879915456,0.01,ON_BICYCLE
1556879915456,0.01,UNKNOWN
1556879939615,0.31,STILL
1556879939615,0.21,UNKNOWN
1556879939615,0.14,IN_VEHICLE
1556879939615,0.12,ON_FOOT
1556879939615,0.12,WALKING
1556879939615,0.07,ON_BICYCLE
1556879939615,0.05,RUNNING
1556879953478,0.34,STILL
1556879953478,0.24,IN_VEHICLE
1556879953478,0.16,ON_FOOT
1556879953478,0.16,WALKING
1556879953478,0.04,ON_BICYCLE
1556879953478,0.03,UNKNOWN
1556879984260,0.27,UNKNOWN
1556879984260,0.26,STILL
1556879984260,0.11,IN_VEHICLE
1556879984260,0.11,ON_FOOT
1556879984260,0.11,WALKING
1556879984260,0.08,ON_BICYCLE
1556879984260,0.07,RUNNING
1556880023611,0.39,STILL
1556880023611,0.16,IN_VEHICLE
1556880023611,0.14,ON_FOOT
1556880023611,0.14,WALKING
1556880023611,0.11,UNKNOWN
1556880023611,0.05,ON_BICYCLE
1556880023611,0.03,RUNNING
1556880037430,0.39,STILL
1556880037430,0.2,ON_FOOT
1556880037430,0.2,WALKING
1556880037430,0.19,IN_VEHICLE
1556880037430,0.05,ON_BICYCLE
1556880037430,0.02,UNKNOWN
1556880051311,0.65,STILL
1556880051311,0.14,IN_VEHICLE
1556880051311,0.07,ON_FOOT
1556880051311,0.07,WALKING
1556880051311,0.03,UNKNOWN
1556880051311,0.02,ON_BICYCLE
1556880072937,0.8,STILL
1556880072937,0.06,IN_VEHICLE
1556880072937,0.05,ON_FOOT
1556880072937,0.05,WALKING
1556880072937,0.02,UNKNOWN
1556880072937,0.01,ON_BICYCLE
1556880086792,0.38,STILL
1556880086792,0.24,ON_FOOT
1556880086792,0.24,WALKING
1556880086792,0.2,IN_VEHICLE
1556880086792,0.02,ON_BICYCLE
1556880086792,0.02,UNKNOWN
1556880100631,0.72,STILL
1556880100631,0.12,IN_VEHICLE
1556880100631,0.04,ON_FOOT
1556880100631,0.04,WALKING
1556880100631,0.02,UNKNOWN
1556880100631,0.01,ON_BICYCLE
1556880114464,0.48,STILL
1556880114464,0.18,ON_FOOT
1556880114464,0.18,WALKING
1556880114464,0.16,IN_VEHICLE
1556880114464,0.02,ON_BICYCLE
1556880114464,0.02,UNKNOWN
1556880128280,0.73,STILL
1556880128280,0.11,IN_VEHICLE
1556880128280,0.04,ON_FOOT
1556880128280,0.04,WALKING
1556880128280,0.02,UNKNOWN
1556880128280,0.01,ON_BICYCLE
1556880142144,0.72,STILL
1556880142144,0.12,IN_VEHICLE
1556880142144,0.03,ON_FOOT
1556880142144,0.03,WALKING
1556880142144,0.02,UNKNOWN
1556880142144,0.01,ON_BICYCLE
1556880155956,0.33,STILL
1556880155956,0.29,ON_FOOT
1556880155956,0.29,WALKING
1556880155956,0.22,IN_VEHICLE
1556880155956,0.02,UNKNOWN
1556880155956,0.01,ON_BICYCLE
1556880169765,0.79,STILL
1556880169765,0.07,IN_VEHICLE
1556880169765,0.04,ON_FOOT
1556880169765,0.04,WALKING
1556880169765,0.03,UNKNOWN
1556880169765,0.01,ON_BICYCLE
1556880183616,0.72,STILL
1556880183616,0.11,IN_VEHICLE
1556880183616,0.03,ON_FOOT
1556880183616,0.03,WALKING
1556880183616,0.02,UNKNOWN
1556880183616,0.01,ON_BICYCLE
1556880197606,0.63,STILL
1556880197606,0.12,IN_VEHICLE
1556880197606,0.11,ON_FOOT
1556880197606,0.11,WALKING
1556880197606,0.03,ON_BICYCLE
1556880197606,0.01,UNKNOWN
1556880220000,0.3,STILL
1556880220000,0.21,UNKNOWN
1556880220000,0.16,IN_VEHICLE
1556880220000,0.08,ON_FOOT
1556880220000,0.08,WALKING
1556880220000,0.06,ON_BICYCLE
1556880220000,0.05,RUNNING
1556880250884,0.27,UNKNOWN
1556880250884,0.21,STILL
1556880250884,0.14,ON_FOOT
1556880250884,0.14,WALKING
1556880250884,0.13,IN_VEHICLE
1556880250884,0.07,ON_BICYCLE
1556880250884,0.07,RUNNING
1556880290136,0.31,UNKNOWN
1556880290136,0.16,STILL
1556880290136,0.14,IN_VEHICLE
1556880290136,0.14,ON_FOOT
1556880290136,0.14,WALKING
1556880290136,0.09,ON_BICYCLE
1556880290136,0.08,RUNNING
1556880320876,0.48,STILL
1556880320876,0.19,IN_VEHICLE
1556880320876,0.14,ON_FOOT
1556880320876,0.14,WALKING
1556880320876,0.03,ON_BICYCLE
1556880320876,0.02,UNKNOWN
1556880343181,0.24,STILL
1556880343181,0.21,UNKNOWN
1556880343181,0.2,ON_FOOT
1556880343181,0.2,WALKING
1556880343181,0.16,IN_VEHICLE
1556880343181,0.06,ON_BICYCLE
1556880343181,0.05,RUNNING
1556880365475,0.21,STILL
1556880365475,0.21,UNKNOWN
1556880365475,0.2,ON_FOOT
1556880365475,0.2,WALKING
1556880365475,0.14,IN_VEHICLE
1556880365475,0.07,ON_BICYCLE
1556880365475,0.05,RUNNING
1556880412735,0.89,ON_FOOT
1556880412735,0.89,WALKING
1556880412735,0.03,STILL
1556880412735,0.02,IN_VEHICLE
1556880412735,0.02,ON_BICYCLE
1556880412735,0.02,UNKNOWN
1556880412735,0.02,RUNNING
1556880419619,1.0,TILTING
1556880426502,0.51,ON_FOOT
1556880426502,0.51,WALKING
1556880426502,0.21,UNKNOWN
1556880426502,0.08,RUNNING
1556880426502,0.06,ON_BICYCLE
1556880426502,0.06,STILL
1556880426502,0.05,IN_VEHICLE
1556880456260,0.92,ON_FOOT
1556880456260,0.92,WALKING
1556880456260,0.03,UNKNOWN
1556880456260,0.03,RUNNING
1556880456260,0.01,ON_BICYCLE
1556880456260,0.01,STILL
1556880482922,0.77,ON_FOOT
1556880482922,0.77,WALKING
1556880482922,0.06,STILL
1556880482922,0.05,IN_VEHICLE
1556880482922,0.04,ON_BICYCLE
1556880482922,0.03,UNKNOWN
1556880482922,0.02,RUNNING
1556880492139,1.0,TILTING
1556880501356,0.79,ON_FOOT
1556880501356,0.79,WALKING
1556880501356,0.06,IN_VEHICLE
1556880501356,0.04,STILL
1556880501356,0.03,ON_BICYCLE
1556880501356,0.03,RUNNING
1556880501356,0.01,UNKNOWN
1556880505800,0.8,ON_FOOT
1556880505800,0.8,WALKING
1556880505800,0.06,IN_VEHICLE
1556880505800,0.06,STILL
1556880505800,0.03,ON_BICYCLE
1556880505800,0.01,UNKNOWN
1556880505800,0.01,RUNNING
1556880509549,0.87,ON_FOOT
1556880509549,0.87,WALKING
1556880509549,0.03,STILL
1556880509549,0.03,UNKNOWN
1556880509549,0.02,IN_VEHICLE
1556880509549,0.02,ON_BICYCLE
1556880509549,0.02,RUNNING
1556880513680,0.99,ON_FOOT
1556880513680,0.99,WALKING
1556880513680,0.01,UNKNOWN
1556880517847,0.92,ON_FOOT
1556880517847,0.92,WALKING
1556880517847,0.03,RUNNING
1556880517847,0.02,UNKNOWN
1556880517847,0.01,IN_VEHICLE
1556880517847,0.01,ON_BICYCLE
1556880517847,0.01,STILL
1556880530309,0.47,ON_FOOT
1556880530309,0.47,WALKING
1556880530309,0.21,UNKNOWN
1556880530309,0.08,IN_VEHICLE
1556880530309,0.07,STILL
1556880530309,0.06,ON_BICYCLE
1556880530309,0.06,RUNNING
1556880534801,0.93,ON_FOOT
1556880534801,0.93,WALKING
1556880534801,0.02,RUNNING
1556880534801,0.01,IN_VEHICLE
1556880534801,0.01,ON_BICYCLE
1556880534801,0.01,STILL
1556880534801,0.01,UNKNOWN
1556880538913,0.89,ON_FOOT
1556880538913,0.89,WALKING
1556880538913,0.03,RUNNING
1556880538913,0.02,IN_VEHICLE
1556880538913,0.02,ON_BICYCLE
1556880538913,0.02,UNKNOWN
1556880538913,0.01,STILL
1556880542934,0.94,ON_FOOT
1556880542934,0.94,WALKING
1556880542934,0.02,STILL
1556880542934,0.02,UNKNOWN
1556880542934,0.01,IN_VEHICLE
1556880542934,0.01,ON_BICYCLE
1556880546891,0.85,ON_FOOT
1556880546891,0.85,WALKING
1556880546891,0.04,IN_VEHICLE
1556880546891,0.03,ON_BICYCLE
1556880546891,0.03,STILL
1556880546891,0.02,UNKNOWN
1556880546891,0.01,RUNNING
1556880550864,0.89,ON_FOOT
1556880550864,0.89,WALKING
1556880550864,0.03,ON_BICYCLE
1556880550864,0.02,IN_VEHICLE
1556880550864,0.02,STILL
1556880550864,0.02,RUNNING
1556880550864,0.01,UNKNOWN
1556880554854,0.97,ON_FOOT
1556880554854,0.97,WALKING
1556880554854,0.03,UNKNOWN
1556880558889,0.96,ON_FOOT
1556880558889,0.96,WALKING
1556880558889,0.02,UNKNOWN
1556880558889,0.01,ON_BICYCLE
1556880558889,0.01,RUNNING
1556880562872,0.93,ON_FOOT
1556880562872,0.93,WALKING
1556880562872,0.02,RUNNING
1556880562872,0.01,IN_VEHICLE
1556880562872,0.01,ON_BICYCLE
1556880562872,0.01,STILL
1556880562872,0.01,UNKNOWN
1556880566849,0.95,ON_FOOT
1556880566849,0.95,WALKING
1556880566849,0.02,UNKNOWN
1556880566849,0.01,ON_BICYCLE
1556880566849,0.01,STILL
1556880566849,0.01,RUNNING
1556880570840,0.95,ON_FOOT
1556880570840,0.95,WALKING
1556880570840,0.02,UNKNOWN
1556880570840,0.01,ON_BICYCLE
1556880570840,0.01,STILL
1556880570840,0.01,RUNNING
1556880574857,0.86,ON_FOOT
1556880574857,0.86,WALKING
1556880574857,0.04,ON_BICYCLE
1556880574857,0.04,RUNNING
1556880574857,0.02,IN_VEHICLE
1556880574857,0.02,UNKNOWN
1556880574857,0.01,STILL
1556880578840,0.89,ON_FOOT
1556880578840,0.89,WALKING
1556880578840,0.03,IN_VEHICLE
1556880578840,0.02,ON_BICYCLE
1556880578840,0.02,STILL
1556880578840,0.01,UNKNOWN
1556880578840,0.01,RUNNING
1556880582816,0.98,ON_FOOT
1556880582816,0.98,WALKING
1556880582816,0.02,UNKNOWN
1556880586373,0.98,ON_FOOT
1556880586373,0.98,WALKING
1556880586373,0.02,UNKNOWN
1556880590897,0.79,ON_FOOT
1556880590897,0.79,WALKING
1556880590897,0.08,IN_VEHICLE
1556880590897,0.05,STILL
1556880590897,0.03,ON_BICYCLE
1556880590897,0.01,UNKNOWN
1556880590897,0.01,RUNNING
1556880594831,0.87,ON_FOOT
1556880594831,0.87,WALKING
1556880594831,0.03,IN_VEHICLE
1556880594831,0.03,UNKNOWN
1556880594831,0.02,ON_BICYCLE
1556880594831,0.02,STILL
1556880594831,0.02,RUNNING
1556880598803,0.83,ON_FOOT
1556880598803,0.83,WALKING
1556880598803,0.06,IN_VEHICLE
1556880598803,0.04,STILL
1556880598803,0.02,ON_BICYCLE
1556880598803,0.01,UNKNOWN
1556880598803,0.01,RUNNING
1556880602797,0.88,ON_FOOT
1556880602797,0.88,WALKING
1556880602797,0.03,IN_VEHICLE
1556880602797,0.03,STILL
1556880602797,0.03,UNKNOWN
1556880602797,0.01,ON_BICYCLE
1556880614817,0.48,ON_FOOT
1556880614817,0.48,WALKING
1556880614817,0.21,UNKNOWN
1556880614817,0.08,STILL
1556880614817,0.07,IN_VEHICLE
1556880614817,0.06,ON_BICYCLE
1556880614817,0.05,RUNNING
1556880616799,1.0,TILTING
1556880618781,0.88,ON_FOOT
1556880618781,0.88,WALKING
1556880618781,0.04,STILL
1556880618781,0.03,IN_VEHICLE
1556880618781,0.02,UNKNOWN
1556880618781,0.01,ON_BICYCLE
1556880618781,0.01,RUNNING
1556880622777,0.93,ON_FOOT
1556880622777,0.93,WALKING
1556880622777,0.02,ON_BICYCLE
1556880622777,0.02,STILL
1556880622777,0.02,UNKNOWN
1556880622777,0.01,RUNNING
1556880635319,0.54,ON_FOOT
1556880635319,0.54,WALKING
1556880635319,0.21,UNKNOWN
1556880635319,0.06,STILL
1556880635319,0.05,IN_VEHICLE
1556880635319,0.05,ON_BICYCLE
1556880635319,0.05,RUNNING
1556880639797,0.94,ON_FOOT
1556880639797,0.94,WALKING
1556880639797,0.03,UNKNOWN
1556880639797,0.01,IN_VEHICLE
1556880639797,0.01,ON_BICYCLE
1556880639797,0.01,STILL
1556880643845,0.86,ON_FOOT
1556880643845,0.86,WALKING
1556880643845,0.08,STILL
1556880643845,0.02,IN_VEHICLE
1556880643845,0.01,ON_BICYCLE
1556880643845,0.01,UNKNOWN
1556880647741,0.96,ON_FOOT
1556880647741,0.96,WALKING
1556880647741,0.02,STILL
1556880647741,0.02,UNKNOWN
1556880651777,0.84,ON_FOOT
1556880651777,0.84,WALKING
1556880651777,0.07,STILL
1556880651777,0.03,IN_VEHICLE
1556880651777,0.02,ON_BICYCLE
1556880651777,0.02,UNKNOWN
1556880655905,0.93,ON_FOOT
1556880655905,0.93,WALKING
1556880655905,0.02,STILL
1556880655905,0.02,UNKNOWN
1556880655905,0.01,IN_VEHICLE
1556880655905,0.01,ON_BICYCLE
1556880655905,0.01,RUNNING
1556880659898,0.92,ON_FOOT
1556880659898,0.92,WALKING
1556880659898,0.03,STILL
1556880659898,0.03,UNKNOWN
1556880659898,0.01,IN_VEHICLE
1556880659898,0.01,ON_BICYCLE
1556880663886,0.8,ON_FOOT
1556880663886,0.8,WALKING
1556880663886,0.08,STILL
1556880663886,0.04,IN_VEHICLE
1556880663886,0.03,ON_BICYCLE
1556880663886,0.02,UNKNOWN
1556880663886,0.01,RUNNING
1556880667858,0.96,ON_FOOT
1556880667858,0.96,WALKING
1556880667858,0.02,UNKNOWN
1556880667858,0.01,STILL
1556880667858,0.01,RUNNING
1556880671886,0.89,ON_FOOT
1556880671886,0.89,WALKING
1556880671886,0.04,STILL
1556880671886,0.02,IN_VEHICLE
1556880671886,0.02,UNKNOWN
1556880671886,0.01,ON_BICYCLE
1556880671886,0.01,RUNNING
1556880675867,0.92,ON_FOOT
1556880675867,0.92,WALKING
1556880675867,0.03,STILL
1556880675867,0.02,UNKNOWN
1556880675867,0.01,IN_VEHICLE
1556880675867,0.01,ON_BICYCLE
1556880679852,0.77,ON_FOOT
1556880679852,0.77,WALKING
1556880679852,0.09,STILL
1556880679852,0.04,IN_VEHICLE
1556880679852,0.04,ON_BICYCLE
1556880679852,0.02,RUNNING
1556880679852,0.01,UNKNOWN
1556880683885,0.8,ON_FOOT
1556880683885,0.8,WALKING
1556880683885,0.06,STILL
1556880683885,0.05,IN_VEHICLE
1556880683885,0.02,ON_BICYCLE
1556880683885,0.02,UNKNOWN
1556880683885,0.02,RUNNING
1556880696048,0.45,ON_FOOT
1556880696048,0.45,WALKING
1556880696048,0.21,UNKNOWN
1556880696048,0.07,IN_VEHICLE
1556880696048,0.07,ON_BICYCLE
1556880696048,0.07,RUNNING
1556880696048,0.06,STILL
1556880699889,0.95,ON_FOOT
1556880699889,0.95,WALKING
1556880699889,0.01,IN_VEHICLE
1556880699889,0.01,ON_BICYCLE
1556880699889,0.01,STILL
1556880699889,0.01,UNKNOWN
1556880699889,0.01,RUNNING
1556880703843,0.94,ON_FOOT
1556880703843,0.94,WALKING
1556880703843,0.02,UNKNOWN
1556880703843,0.01,IN_VEHICLE
1556880703843,0.01,ON_BICYCLE
1556880703843,0.01,STILL
1556880703843,0.01,RUNNING
1556880707878,0.95,ON_FOOT
1556880707878,0.95,WALKING
1556880707878,0.01,IN_VEHICLE
1556880707878,0.01,STILL
1556880707878,0.01,UNKNOWN
1556880707878,0.01,RUNNING
1556880728656,0.36,ON_FOOT
1556880728656,0.36,WALKING
1556880728656,0.27,UNKNOWN
1556880728656,0.08,ON_BICYCLE
1556880728656,0.07,IN_VEHICLE
1556880728656,0.07,STILL
1556880728656,0.07,RUNNING
1556880732785,0.9,ON_FOOT
1556880732785,0.9,WALKING
1556880732785,0.03,UNKNOWN
1556880732785,0.03,RUNNING
1556880732785,0.02,ON_BICYCLE
1556880732785,0.01,IN_VEHICLE
1556880732785,0.01,STILL
1556880737291,0.93,ON_FOOT
1556880737291,0.93,WALKING
1556880737291,0.02,UNKNOWN
1556880737291,0.02,RUNNING
1556880737291,0.01,IN_VEHICLE
1556880737291,0.01,ON_BICYCLE
1556880737291,0.01,STILL
1556880741483,0.94,ON_FOOT
1556880741483,0.94,WALKING
1556880741483,0.02,ON_BICYCLE
1556880741483,0.01,IN_VEHICLE
1556880741483,0.01,STILL
1556880741483,0.01,UNKNOWN
1556880741483,0.01,RUNNING
1556880745782,0.96,ON_FOOT
1556880745782,0.96,WALKING
1556880745782,0.03,UNKNOWN
1556880745782,0.01,STILL
1556880749628,0.93,ON_FOOT
1556880749628,0.93,WALKING
1556880749628,0.02,STILL
1556880749628,0.02,UNKNOWN
1556880749628,0.01,IN_VEHICLE
1556880749628,0.01,ON_BICYCLE
1556880753757,0.95,ON_FOOT
1556880753757,0.95,WALKING
1556880753757,0.02,UNKNOWN
1556880753757,0.01,IN_VEHICLE
1556880753757,0.01,ON_BICYCLE
1556880753757,0.01,STILL
1556880757775,0.97,ON_FOOT
1556880757775,0.97,WALKING
1556880757775,0.02,UNKNOWN
1556880757775,0.01,STILL
1556880761927,0.95,ON_FOOT
1556880761927,0.95,WALKING
1556880761927,0.02,UNKNOWN
1556880761927,0.01,IN_VEHICLE
1556880761927,0.01,STILL
1556880761927,0.01,RUNNING
1556880766418,0.97,ON_FOOT
1556880766418,0.97,WALKING
1556880766418,0.02,UNKNOWN
1556880766418,0.01,STILL
1556880770852,0.98,ON_FOOT
1556880770852,0.98,WALKING
1556880770852,0.02,UNKNOWN
1556880774815,0.95,ON_FOOT
1556880774815,0.95,WALKING
1556880774815,0.03,UNKNOWN
1556880774815,0.01,ON_BICYCLE
1556880774815,0.01,RUNNING
1556880778846,0.97,ON_FOOT
1556880778846,0.97,WALKING
1556880778846,0.02,UNKNOWN
1556880778846,0.01,RUNNING
1556880782835,0.99,ON_FOOT
1556880782835,0.99,WALKING
1556880782835,0.01,UNKNOWN
1556880786816,0.97,ON_FOOT
1556880786816,0.97,WALKING
1556880786816,0.03,UNKNOWN
1556880790821,0.96,ON_FOOT
1556880790821,0.96,WALKING
1556880790821,0.03,UNKNOWN
1556880790821,0.01,STILL
1556880794841,0.96,ON_FOOT
1556880794841,0.96,WALKING
1556880794841,0.02,UNKNOWN
1556880794841,0.01,ON_BICYCLE
1556880794841,0.01,RUNNING
1556880798809,0.98,ON_FOOT
1556880798809,0.98,WALKING
1556880798809,0.02,UNKNOWN
1556880802796,0.93,ON_FOOT
1556880802796,0.93,WALKING
1556880802796,0.03,UNKNOWN
1556880802796,0.02,ON_BICYCLE
1556880802796,0.01,STILL
1556880802796,0.01,RUNNING
1556880806791,0.95,ON_FOOT
1556880806791,0.95,WALKING
1556880806791,0.03,UNKNOWN
1556880806791,0.01,ON_BICYCLE
1556880806791,0.01,RUNNING
1556880810427,0.85,ON_FOOT
1556880810427,0.85,WALKING
1556880810427,0.06,RUNNING
1556880810427,0.04,ON_BICYCLE
1556880810427,0.02,UNKNOWN
1556880810427,0.01,IN_VEHICLE
1556880810427,0.01,STILL
1556880814279,0.95,ON_FOOT
1556880814279,0.95,WALKING
1556880814279,0.02,STILL
1556880814279,0.01,ON_BICYCLE
1556880814279,0.01,UNKNOWN
1556880814279,0.01,RUNNING
1556880989910,0.56,STILL
1556880989910,0.11,UNKNOWN
1556880989910,0.1,IN_VEHICLE
1556880989910,0.08,ON_FOOT
1556880989910,0.08,WALKING
1556880989910,0.04,ON_BICYCLE
1556880989910,0.03,RUNNING
1556881288868,1.0,STILL
1556881629396,1.0,STILL
1556881762327,0.27,STILL
1556881762327,0.22,UNKNOWN
1556881762327,0.16,IN_VEHICLE
1556881762327,0.16,ON_FOOT
1556881762327,0.16,WALKING
1556881762327,0.07,ON_BICYCLE
1556881762327,0.06,RUNNING
1556881773531,1.0,TILTING
1556881784734,0.55,STILL
1556881784734,0.2,UNKNOWN
1556881784734,0.05,IN_VEHICLE
1556881784734,0.05,ON_BICYCLE
1556881784734,0.05,ON_FOOT
1556881784734,0.05,WALKING
1556881784734,0.05,RUNNING
1556881803412,1.0,TILTING
1556881822090,1.0,STILL
1556881951705,1.0,STILL
1556882195123,0.49,STILL
1556882195123,0.38,IN_VEHICLE
1556882195123,0.04,ON_BICYCLE
1556882195123,0.03,ON_FOOT
1556882195123,0.03,UNKNOWN
1556882195123,0.03,WALKING
1556882228371,0.31,ON_FOOT
1556882228371,0.31,WALKING
1556882228371,0.21,UNKNOWN
1556882228371,0.15,STILL
1556882228371,0.11,IN_VEHICLE
1556882228371,0.08,ON_BICYCLE
1556882228371,0.06,RUNNING
1556882252144,0.34,STILL
1556882252144,0.2,ON_FOOT
1556882252144,0.2,WALKING
1556882252144,0.18,IN_VEHICLE
1556882252144,0.12,UNKNOWN
1556882252144,0.05,ON_BICYCLE
1556882252144,0.03,RUNNING
1556882262267,0.5,STILL
1556882262267,0.2,UNKNOWN
1556882262267,0.07,IN_VEHICLE
1556882262267,0.07,ON_BICYCLE
1556882262267,0.07,ON_FOOT
1556882262267,0.07,WALKING
1556882262267,0.05,RUNNING
1556882284577,0.55,STILL
1556882284577,0.2,UNKNOWN
1556882284577,0.05,IN_VEHICLE
1556882284577,0.05,ON_BICYCLE
1556882284577,0.05,ON_FOOT
1556882284577,0.05,WALKING
1556882284577,0.05,RUNNING
1556882298467,0.78,STILL
1556882298467,0.09,IN_VEHICLE
1556882298467,0.03,ON_FOOT
1556882298467,0.03,WALKING
1556882298467,0.02,UNKNOWN
1556882298467,0.01,ON_BICYCLE
1556882312302,0.47,STILL
1556882312302,0.27,IN_VEHICLE
1556882312302,0.04,ON_FOOT
1556882312302,0.04,WALKING
1556882312302,0.02,ON_BICYCLE
1556882312302,0.01,UNKNOWN
1556882326180,0.35,STILL
1556882326180,0.29,IN_VEHICLE
1556882326180,0.04,ON_FOOT
1556882326180,0.04,WALKING
1556882326180,0.03,UNKNOWN
1556882326180,0.02,ON_BICYCLE
1556882340020,0.83,STILL
1556882340020,0.05,IN_VEHICLE
1556882340020,0.05,ON_BICYCLE
1556882340020,0.02,ON_FOOT
1556882340020,0.02,WALKING
1556882340020,0.01,UNKNOWN
1556882353869,0.84,STILL
1556882353869,0.07,IN_VEHICLE
1556882353869,0.02,ON_FOOT
1556882353869,0.02,UNKNOWN
1556882353869,0.02,WALKING
1556882353869,0.01,ON_BICYCLE
1556882376172,0.35,STILL
1556882376172,0.21,UNKNOWN
1556882376172,0.14,IN_VEHICLE
1556882376172,0.11,ON_FOOT
1556882376172,0.11,WALKING
1556882376172,0.06,ON_BICYCLE
1556882376172,0.05,RUNNING
1556882407029,0.27,UNKNOWN
1556882407029,0.25,STILL
1556882407029,0.13,ON_FOOT
1556882407029,0.13,WALKING
1556882407029,0.12,IN_VEHICLE
1556882407029,0.07,ON_BICYCLE
1556882407029,0.07,RUNNING
1556882430931,1.0,TILTING
1556882454833,0.25,UNKNOWN
1556882454833,0.2,STILL
1556882454833,0.16,ON_FOOT
1556882454833,0.16,WALKING
1556882454833,0.13,IN_VEHICLE
1556882454833,0.08,ON_BICYCLE
1556882454833,0.06,RUNNING
1556882494208,0.37,STILL
1556882494208,0.22,IN_VEHICLE
1556882494208,0.12,UNKNOWN
1556882494208,0.11,ON_FOOT
1556882494208,0.11,WALKING
1556882494208,0.04,ON_BICYCLE
1556882494208,0.03,RUNNING
1556882516523,0.31,STILL
1556882516523,0.21,UNKNOWN
1556882516523,0.15,ON_FOOT
1556882516523,0.15,WALKING
1556882516523,0.12,IN_VEHICLE
1556882516523,0.07,ON_BICYCLE
1556882516523,0.05,RUNNING
1556882536192,1.0,TILTING
1556882555860,0.31,UNKNOWN
1556882555860,0.27,STILL
1556882555860,0.1,IN_VEHICLE
1556882555860,0.1,ON_FOOT
1556882555860,0.1,WALKING
1556882555860,0.08,ON_BICYCLE
1556882555860,0.08,RUNNING
1556882592071,1.0,STILL
1556882605905,1.0,STILL
1556882619746,1.0,STILL
1556882633569,1.0,STILL
1556882660923,1.0,TILTING
1556882688277,0.31,UNKNOWN
1556882688277,0.19,STILL
1556882688277,0.16,IN_VEHICLE
1556882688277,0.1,ON_FOOT
1556882688277,0.1,WALKING
1556882688277,0.08,ON_BICYCLE
1556882688277,0.08,RUNNING
1556882725572,0.52,STILL
1556882725572,0.2,UNKNOWN
1556882725572,0.07,ON_FOOT
1556882725572,0.07,WALKING
1556882725572,0.06,ON_BICYCLE
1556882725572,0.05,IN_VEHICLE
1556882725572,0.05,RUNNING
1556882739408,1.0,STILL
1556882751113,1.0,STILL
1556882764957,1.0,STILL
1556882804291,0.31,UNKNOWN
1556882804291,0.16,STILL
1556882804291,0.15,ON_FOOT
1556882804291,0.15,WALKING
1556882804291,0.12,IN_VEHICLE
1556882804291,0.08,ON_BICYCLE
1556882804291,0.08,RUNNING
1556882843680,0.23,STILL
1556882843680,0.21,UNKNOWN
1556882843680,0.17,IN_VEHICLE
1556882843680,0.17,ON_FOOT
1556882843680,0.17,WALKING
1556882843680,0.07,ON_BICYCLE
1556882843680,0.05,RUNNING
1556882867638,0.21,STILL
1556882867638,0.21,UNKNOWN
1556882867638,0.18,ON_FOOT
1556882867638,0.18,WALKING
1556882867638,0.17,IN_VEHICLE
1556882867638,0.09,ON_BICYCLE
1556882867638,0.06,RUNNING
1556882890013,0.26,STILL
1556882890013,0.21,ON_FOOT
1556882890013,0.21,UNKNOWN
1556882890013,0.21,WALKING
1556882890013,0.11,IN_VEHICLE
1556882890013,0.07,ON_BICYCLE
1556882890013,0.05,RUNNING
1556882903904,0.34,STILL
1556882903904,0.27,IN_VEHICLE
1556882903904,0.14,ON_FOOT
1556882903904,0.14,WALKING
1556882903904,0.03,ON_BICYCLE
1556882903904,0.02,UNKNOWN
1556882919457,0.37,STILL
1556882919457,0.27,IN_VEHICLE
1556882919457,0.14,ON_FOOT
1556882919457,0.14,WALKING
1556882919457,0.05,ON_BICYCLE
1556882919457,0.02,UNKNOWN
1556882933323,1.0,STILL
1556882947175,1.0,STILL
1556882961056,1.0,STILL
1556882974907,1.0,STILL
1556882988783,1.0,STILL
1556883003491,1.0,STILL
1556883010404,1.0,TILTING
1556883017317,0.51,STILL
1556883017317,0.24,IN_VEHICLE
1556883017317,0.07,ON_FOOT
1556883017317,0.07,WALKING
1556883017317,0.03,UNKNOWN
1556883017317,0.02,ON_BICYCLE
1556883031178,0.44,STILL
1556883031178,0.21,ON_FOOT
1556883031178,0.21,WALKING
1556883031178,0.16,IN_VEHICLE
1556883031178,0.04,ON_BICYCLE
1556883031178,0.02,UNKNOWN
1556883045088,1.0,STILL
1556883066086,1.0,STILL
1556883079946,1.0,STILL
1556883093802,1.0,STILL
1556883107633,1.0,STILL
1556883121470,1.0,STILL
1556883135399,1.0,STILL
1556883149305,1.0,STILL
1556883163127,0.81,STILL
1556883163127,0.19,ON_BICYCLE
1556883177014,1.0,STILL
1556883190880,1.0,STILL
1556883204737,1.0,STILL
1556883218617,1.0,STILL
1556883232438,0.89,STILL
1556883232438,0.03,IN_VEHICLE
1556883232438,0.02,ON_FOOT
1556883232438,0.02,UNKNOWN
1556883232438,0.02,WALKING
1556883232438,0.01,ON_BICYCLE
1556883246293,1.0,STILL
1556883260202,0.79,STILL
1556883260202,0.14,IN_VEHICLE
1556883260202,0.02,UNKNOWN
1556883260202,0.01,ON_FOOT
1556883260202,0.01,WALKING
1556883271387,1.0,TILTING
1556883282571,0.24,STILL
1556883282571,0.21,UNKNOWN
1556883282571,0.18,ON_FOOT
1556883282571,0.18,WALKING
1556883282571,0.17,IN_VEHICLE
1556883282571,0.06,ON_BICYCLE
1556883282571,0.05,RUNNING
1556883296444,0.62,STILL
1556883296444,0.2,IN_VEHICLE
1556883296444,0.07,ON_FOOT
1556883296444,0.07,WALKING
1556883296444,0.02,ON_BICYCLE
1556883296444,0.02,UNKNOWN
1556883310317,0.65,STILL
1556883310317,0.17,IN_VEHICLE
1556883310317,0.07,ON_FOOT
1556883310317,0.07,WALKING
1556883310317,0.03,UNKNOWN
1556883310317,0.01,ON_BICYCLE
1556883332660,0.24,STILL
1556883332660,0.21,UNKNOWN
1556883332660,0.2,ON_FOOT
1556883332660,0.2,WALKING
1556883332660,0.14,IN_VEHICLE
1556883332660,0.07,ON_BICYCLE
1556883332660,0.05,RUNNING
1556883346515,0.39,STILL
1556883346515,0.37,IN_VEHICLE
1556883346515,0.11,ON_FOOT
1556883346515,0.11,WALKING
1556883346515,0.02,UNKNOWN
1556883346515,0.01,ON_BICYCLE
1556883368164,0.53,STILL
1556883368164,0.17,IN_VEHICLE
1556883368164,0.11,ON_FOOT
1556883368164,0.11,WALKING
1556883368164,0.02,ON_BICYCLE
1556883368164,0.02,UNKNOWN
1556883382005,0.48,STILL
1556883382005,0.28,IN_VEHICLE
1556883382005,0.05,ON_FOOT
1556883382005,0.05,WALKING
1556883382005,0.03,UNKNOWN
1556883382005,0.01,ON_BICYCLE
1556883433983,0.4,UNKNOWN
1556883433983,0.1,IN_VEHICLE
1556883433983,0.1,ON_BICYCLE
1556883433983,0.1,ON_FOOT
1556883433983,0.1,STILL
1556883433983,0.1,WALKING
1556883433983,0.1,RUNNING
1556883449611,1.0,TILTING
1556883465239,1.0,STILL
1556883479119,0.43,STILL
1556883479119,0.22,IN_VEHICLE
1556883479119,0.08,ON_FOOT
1556883479119,0.08,WALKING
1556883479119,0.06,ON_BICYCLE
1556883479119,0.02,UNKNOWN
1556883492945,0.33,STILL
1556883492945,0.23,IN_VEHICLE
1556883492945,0.14,ON_FOOT
1556883492945,0.14,WALKING
1556883492945,0.09,ON_BICYCLE
1556883492945,0.03,UNKNOWN
1556883506789,0.96,STILL
1556883506789,0.02,UNKNOWN
1556883506789,0.01,ON_BICYCLE
1556883506789,0.01,ON_FOOT
1556883506789,0.01,WALKING
1556883529547,0.3,STILL
1556883529547,0.21,UNKNOWN
1556883529547,0.13,IN_VEHICLE
1556883529547,0.12,ON_FOOT
1556883529547,0.12,WALKING
1556883529547,0.07,ON_BICYCLE
1556883529547,0.05,RUNNING
1556883543561,0.39,STILL
1556883543561,0.23,IN_VEHICLE
1556883543561,0.17,ON_FOOT
1556883543561,0.17,WALKING
1556883543561,0.02,ON_BICYCLE
1556883543561,0.02,UNKNOWN
1556883557403,0.7,STILL
1556883557403,0.16,IN_VEHICLE
1556883557403,0.04,ON_FOOT
1556883557403,0.04,WALKING
1556883557403,0.01,ON_BICYCLE
1556883557403,0.01,UNKNOWN
1556883571236,0.42,STILL
1556883571236,0.31,IN_VEHICLE
1556883571236,0.04,ON_FOOT
1556883571236,0.04,WALKING
1556883571236,0.02,ON_BICYCLE
1556883571236,0.02,UNKNOWN
1556883585075,0.68,STILL
1556883585075,0.12,IN_VEHICLE
1556883585075,0.11,ON_FOOT
1556883585075,0.11,WALKING
1556883585075,0.01,ON_BICYCLE
1556883585075,0.01,UNKNOWN
1556883598921,0.86,STILL
1556883598921,0.06,ON_FOOT
1556883598921,0.06,WALKING
1556883598921,0.03,IN_VEHICLE
1556883598921,0.02,ON_BICYCLE
1556883598921,0.02,UNKNOWN
1556883612822,1.0,STILL
1556883626642,1.0,STILL
1556883640455,0.83,STILL
1556883640455,0.07,ON_FOOT
1556883640455,0.07,WALKING
1556883640455,0.04,ON_BICYCLE
1556883640455,0.03,UNKNOWN
1556883640455,0.02,IN_VEHICLE
1556883654324,0.73,STILL
1556883654324,0.16,IN_VEHICLE
1556883654324,0.02,ON_FOOT
1556883654324,0.02,UNKNOWN
1556883654324,0.02,WALKING
1556883669235,0.54,STILL
1556883669235,0.27,IN_VEHICLE
1556883669235,0.06,ON_FOOT
1556883669235,0.06,WALKING
1556883669235,0.02,UNKNOWN
1556883669235,0.01,ON_BICYCLE
1556883683108,0.55,STILL
1556883683108,0.25,IN_VEHICLE
1556883683108,0.02,ON_FOOT
1556883683108,0.02,UNKNOWN
1556883683108,0.02,WALKING
1556883696976,0.74,STILL
1556883696976,0.12,ON_FOOT
1556883696976,0.12,WALKING
1556883696976,0.05,IN_VEHICLE
1556883696976,0.04,ON_BICYCLE
1556883696976,0.02,UNKNOWN
1556883710797,0.81,STILL
1556883710797,0.07,IN_VEHICLE
1556883710797,0.03,ON_FOOT
1556883710797,0.03,WALKING
1556883710797,0.02,UNKNOWN
1556883710797,0.01,ON_BICYCLE
1556883724706,0.89,STILL
1556883724706,0.04,IN_VEHICLE
1556883724706,0.02,ON_FOOT
1556883724706,0.02,WALKING
1556883724706,0.01,ON_BICYCLE
1556883724706,0.01,UNKNOWN
1556883738595,1.0,STILL
1556883752411,0.79,STILL
1556883752411,0.09,IN_VEHICLE
1556883752411,0.02,ON_FOOT
1556883752411,0.02,UNKNOWN
1556883752411,0.02,WALKING
1556883752411,0.01,ON_BICYCLE
1556883766328,0.62,STILL
1556883766328,0.13,IN_VEHICLE
1556883766328,0.11,ON_FOOT
1556883766328,0.11,WALKING
1556883766328,0.03,UNKNOWN
1556883766328,0.02,ON_BICYCLE
1556883797165,0.27,STILL
1556883797165,0.27,UNKNOWN
1556883797165,0.15,IN_VEHICLE
1556883797165,0.09,ON_FOOT
1556883797165,0.09,WALKING
1556883797165,0.07,ON_BICYCLE
1556883797165,0.07,RUNNING
1556883811264,0.34,STILL
1556883811264,0.28,ON_FOOT
1556883811264,0.28,WALKING
1556883811264,0.23,IN_VEHICLE
1556883811264,0.03,ON_BICYCLE
1556883811264,0.01,RUNNING
1556883828764,0.49,STILL
1556883828764,0.23,ON_FOOT
1556883828764,0.23,WALKING
1556883828764,0.17,IN_VEHICLE
1556883828764,0.03,ON_BICYCLE
1556883828764,0.02,UNKNOWN
1556883851692,0.46,STILL
1556883851692,0.22,UNKNOWN
1556883851692,0.09,IN_VEHICLE
1556883851692,0.07,ON_FOOT
1556883851692,0.07,WALKING
1556883851692,0.05,ON_BICYCLE
1556883851692,0.05,RUNNING
1556883865557,0.42,STILL
1556883865557,0.22,ON_FOOT
1556883865557,0.22,WALKING
1556883865557,0.16,IN_VEHICLE
1556883865557,0.02,ON_BICYCLE
1556883865557,0.02,UNKNOWN
1556883887891,0.29,STILL
1556883887891,0.21,UNKNOWN
1556883887891,0.18,IN_VEHICLE
1556883887891,0.11,ON_FOOT
1556883887891,0.11,WALKING
1556883887891,0.06,ON_BICYCLE
1556883887891,0.05,RUNNING
1556883899038,1.0,TILTING
1556883910185,0.26,STILL
1556883910185,0.21,UNKNOWN
1556883910185,0.15,IN_VEHICLE
1556883910185,0.14,ON_FOOT
1556883910185,0.14,WALKING
1556883910185,0.08,ON_BICYCLE
1556883910185,0.05,RUNNING
1556883928924,0.31,STILL
1556883928924,0.28,IN_VEHICLE
1556883928924,0.23,ON_FOOT
1556883928924,0.23,WALKING
1556883928924,0.04,ON_BICYCLE
1556883928924,0.02,UNKNOWN
1556883942754,0.57,STILL
1556883942754,0.13,IN_VEHICLE
1556883942754,0.13,ON_FOOT
1556883942754,0.13,WALKING
1556883942754,0.03,UNKNOWN
1556883942754,0.02,ON_BICYCLE
1556883956572,0.64,STILL
1556883956572,0.17,IN_VEHICLE
1556883956572,0.03,ON_FOOT
1556883956572,0.03,WALKING
1556883956572,0.01,ON_BICYCLE
1556883956572,0.01,UNKNOWN
1556887409886,0.24,STILL
1556887409886,0.21,UNKNOWN
1556887409886,0.2,IN_VEHICLE
1556887409886,0.13,ON_FOOT
1556887409886,0.13,WALKING
1556887409886,0.08,ON_BICYCLE
1556887409886,0.05,RUNNING
1556887441442,0.4,UNKNOWN
1556887441442,0.1,IN_VEHICLE
1556887441442,0.1,ON_BICYCLE
1556887441442,0.1,ON_FOOT
1556887441442,0.1,STILL
1556887441442,0.1,WALKING
1556887441442,0.1,RUNNING
1556887480820,0.4,UNKNOWN
1556887480820,0.1,IN_VEHICLE
1556887480820,0.1,ON_BICYCLE
1556887480820,0.1,ON_FOOT
1556887480820,0.1,STILL
1556887480820,0.1,WALKING
1556887480820,0.1,RUNNING
1556887511711,0.34,STILL
1556887511711,0.23,ON_FOOT
1556887511711,0.23,WALKING
1556887511711,0.22,IN_VEHICLE
1556887511711,0.03,ON_BICYCLE
1556887511711,0.01,UNKNOWN
1556887535588,0.27,STILL
1556887535588,0.22,UNKNOWN
1556887535588,0.17,IN_VEHICLE
1556887535588,0.11,ON_FOOT
1556887535588,0.11,WALKING
1556887535588,0.06,ON_BICYCLE
1556887535588,0.05,RUNNING
1556887549418,0.44,STILL
1556887549418,0.18,IN_VEHICLE
1556887549418,0.15,ON_FOOT
1556887549418,0.15,WALKING
1556887549418,0.03,ON_BICYCLE
1556887549418,0.03,UNKNOWN
1556887563640,0.35,STILL
1556887563640,0.25,IN_VEHICLE
1556887563640,0.13,ON_FOOT
1556887563640,0.13,WALKING
1556887563640,0.02,ON_BICYCLE
1556887563640,0.02,UNKNOWN
1556887586001,0.25,STILL
1556887586001,0.21,UNKNOWN
1556887586001,0.18,ON_FOOT
1556887586001,0.18,WALKING
1556887586001,0.13,IN_VEHICLE
1556887586001,0.06,ON_BICYCLE
1556887586001,0.05,RUNNING
1556887599983,0.43,STILL
1556887599983,0.29,IN_VEHICLE
1556887599983,0.08,ON_FOOT
1556887599983,0.08,WALKING
1556887599983,0.03,ON_BICYCLE
1556887599983,0.01,UNKNOWN
1556887618839,1.0,TILTING
1556887637695,0.28,STILL
1556887637695,0.21,UNKNOWN
1556887637695,0.16,ON_FOOT
1556887637695,0.16,WALKING
1556887637695,0.12,IN_VEHICLE
1556887637695,0.08,ON_BICYCLE
1556887637695,0.05,RUNNING
1556887651595,1.0,STILL
1556887665465,0.76,STILL
1556887665465,0.09,ON_FOOT
1556887665465,0.09,WALKING
1556887665465,0.08,IN_VEHICLE
1556887665465,0.01,ON_BICYCLE
1556887665465,0.01,UNKNOWN
1556887679312,0.67,STILL
1556887679312,0.13,IN_VEHICLE
1556887679312,0.09,ON_FOOT
1556887679312,0.09,WALKING
1556887679312,0.02,ON_BICYCLE
1556887679312,0.02,UNKNOWN
1556887696964,1.0,TILTING
1556887714615,0.26,ON_FOOT
1556887714615,0.26,WALKING
1556887714615,0.25,STILL
1556887714615,0.21,UNKNOWN
1556887714615,0.09,IN_VEHICLE
1556887714615,0.07,ON_BICYCLE
1556887714615,0.05,RUNNING
1556887733307,0.49,STILL
1556887733307,0.2,ON_FOOT
1556887733307,0.2,WALKING
1556887733307,0.15,IN_VEHICLE
1556887733307,0.06,ON_BICYCLE
1556887733307,0.02,UNKNOWN
1556887737854,0.64,STILL
1556887737854,0.19,IN_VEHICLE
1556887737854,0.07,ON_FOOT
1556887737854,0.07,WALKING
1556887737854,0.02,ON_BICYCLE
1556887737854,0.02,UNKNOWN
1556887742520,0.86,STILL
1556887742520,0.05,IN_VEHICLE
1556887742520,0.03,ON_FOOT
1556887742520,0.03,WALKING
1556887742520,0.01,ON_BICYCLE
1556887742520,0.01,UNKNOWN
1556887756502,1.0,STILL
1556887767660,1.0,TILTING
1556887778817,0.33,STILL
1556887778817,0.21,UNKNOWN
1556887778817,0.15,IN_VEHICLE
1556887778817,0.14,ON_FOOT
1556887778817,0.14,WALKING
1556887778817,0.07,ON_BICYCLE
1556887778817,0.06,RUNNING
1556887792689,1.0,STILL
1556887806606,1.0,STILL
1556887828921,0.34,STILL
1556887828921,0.21,UNKNOWN
1556887828921,0.13,IN_VEHICLE
1556887828921,0.1,ON_FOOT
1556887828921,0.1,WALKING
1556887828921,0.07,ON_BICYCLE
1556887828921,0.05,RUNNING
1556887851231,0.55,STILL
1556887851231,0.2,UNKNOWN
1556887851231,0.05,IN_VEHICLE
1556887851231,0.05,ON_BICYCLE
1556887851231,0.05,ON_FOOT
1556887851231,0.05,WALKING
1556887851231,0.05,RUNNING
1556887865086,1.0,STILL
1556887878952,1.0,STILL
1556887892795,1.0,STILL
1556887906614,1.0,STILL
1556887920448,0.77,STILL
1556887920448,0.15,ON_FOOT
1556887920448,0.15,WALKING
1556887920448,0.02,IN_VEHICLE
1556887920448,0.02,ON_BICYCLE
1556887920448,0.02,UNKNOWN
1556887934274,0.79,STILL
1556887934274,0.12,ON_FOOT
1556887934274,0.12,WALKING
1556887934274,0.05,IN_VEHICLE
1556887934274,0.02,UNKNOWN
1556887934274,0.01,ON_BICYCLE
1556887956589,0.39,STILL
1556887956589,0.21,UNKNOWN
1556887956589,0.15,ON_FOOT
1556887956589,0.15,WALKING
1556887956589,0.07,IN_VEHICLE
1556887956589,0.07,ON_BICYCLE
1556887956589,0.06,RUNNING
1556887963753,1.0,TILTING
1556887970917,0.42,STILL
1556887970917,0.26,ON_FOOT
1556887970917,0.26,WALKING
1556887970917,0.13,IN_VEHICLE
1556887970917,0.06,ON_BICYCLE
1556887970917,0.01,UNKNOWN
1556887970917,0.01,RUNNING
1556887984835,0.43,STILL
1556887984835,0.29,IN_VEHICLE
1556887984835,0.09,ON_FOOT
1556887984835,0.09,WALKING
1556887984835,0.02,UNKNOWN
1556887984835,0.01,ON_BICYCLE
1556887999594,0.53,STILL
1556887999594,0.23,IN_VEHICLE
1556887999594,0.06,ON_FOOT
1556887999594,0.06,WALKING
1556887999594,0.02,ON_BICYCLE
1556887999594,0.02,UNKNOWN
1556888013488,0.83,STILL
1556888013488,0.06,ON_FOOT
1556888013488,0.06,WALKING
1556888013488,0.04,IN_VEHICLE
1556888013488,0.02,ON_BICYCLE
1556888013488,0.02,UNKNOWN
1556888027328,0.76,STILL
1556888027328,0.09,IN_VEHICLE
1556888027328,0.04,ON_FOOT
1556888027328,0.04,WALKING
1556888027328,0.02,UNKNOWN
1556888027328,0.01,ON_BICYCLE
1556888043908,0.47,STILL
1556888043908,0.22,IN_VEHICLE
1556888043908,0.13,ON_FOOT
1556888043908,0.13,WALKING
1556888043908,0.03,ON_BICYCLE
1556888043908,0.02,UNKNOWN
1556888057535,0.48,STILL
1556888057535,0.32,IN_VEHICLE
1556888057535,0.03,ON_FOOT
1556888057535,0.03,WALKING
1556888057535,0.02,UNKNOWN
1556888057535,0.01,ON_BICYCLE
1556888079853,0.27,STILL
1556888079853,0.21,UNKNOWN
1556888079853,0.2,IN_VEHICLE
1556888079853,0.09,ON_FOOT
1556888079853,0.09,WALKING
1556888079853,0.07,ON_BICYCLE
1556888079853,0.05,RUNNING
1556888094006,0.43,STILL
1556888094006,0.26,IN_VEHICLE
1556888094006,0.05,ON_FOOT
1556888094006,0.05,WALKING
1556888094006,0.02,ON_BICYCLE
1556888094006,0.02,UNKNOWN
1556888101558,1.0,TILTING
1556888109109,0.59,STILL
1556888109109,0.21,ON_FOOT
1556888109109,0.21,WALKING
1556888109109,0.07,IN_VEHICLE
1556888109109,0.06,ON_BICYCLE
1556888109109,0.03,UNKNOWN
1556888116056,1.0,TILTING
1556888123002,0.33,STILL
1556888123002,0.21,IN_VEHICLE
1556888123002,0.18,ON_FOOT
1556888123002,0.18,WALKING
1556888123002,0.07,ON_BICYCLE
1556888123002,0.02,UNKNOWN
1556888123002,0.01,RUNNING
1556888136937,0.37,STILL
1556888136937,0.24,IN_VEHICLE
1556888136937,0.13,ON_FOOT
1556888136937,0.13,WALKING
1556888136937,0.02,UNKNOWN
1556888136937,0.01,ON_BICYCLE
1556888150753,0.43,STILL
1556888150753,0.2,ON_FOOT
1556888150753,0.2,WALKING
1556888150753,0.15,IN_VEHICLE
1556888150753,0.07,ON_BICYCLE
1556888150753,0.02,UNKNOWN
1556888164598,0.31,STILL
1556888164598,0.29,ON_FOOT
1556888164598,0.29,WALKING
1556888164598,0.19,IN_VEHICLE
1556888164598,0.02,ON_BICYCLE
1556888164598,0.02,UNKNOWN
1556888171517,1.0,TILTING
1556888178435,0.49,STILL
1556888178435,0.22,IN_VEHICLE
1556888178435,0.09,ON_FOOT
1556888178435,0.09,WALKING
1556888178435,0.03,UNKNOWN
1556888178435,0.02,ON_BICYCLE
1556888189615,1.0,TILTING
1556888200795,0.29,STILL
1556888200795,0.26,ON_FOOT
1556888200795,0.26,WALKING
1556888200795,0.21,UNKNOWN
1556888200795,0.07,IN_VEHICLE
1556888200795,0.07,ON_BICYCLE
1556888200795,0.05,RUNNING
1556888217495,0.33,STILL
1556888217495,0.28,ON_FOOT
1556888217495,0.28,WALKING
1556888217495,0.16,IN_VEHICLE
1556888217495,0.12,ON_BICYCLE
1556888217495,0.01,UNKNOWN
1556888217495,0.01,RUNNING
1556888231369,0.75,STILL
1556888231369,0.14,ON_FOOT
1556888231369,0.14,WALKING
1556888231369,0.04,IN_VEHICLE
1556888231369,0.03,ON_BICYCLE
1556888231369,0.01,UNKNOWN
