timestamp,name,packageName,isSystemApp,type,isUpdatedSystemApp
1557965087267,해피스크린,kr.co.happymobile.happyscreen,False,MOVE_TO_FOREGROUND,False
1557965100468,해피스크린,kr.co.happymobile.happyscreen,False,MOVE_TO_BACKGROUND,False
1557965100566,기본홈(홈&앱서랍),com.lge.launcher2,False,MOVE_TO_FOREGROUND,False
1557965102046,기본홈(홈&앱서랍),com.lge.launcher2,False,MOVE_TO_BACKGROUND,False
1557965102125,Chrome,com.android.chrome,True,MOVE_TO_FOREGROUND,True
1557965102934,Facebook,com.facebook.katana,False,USER_INTERACTION,False
1557965103434,점신,handasoft.mobile.divination,False,USER_INTERACTION,False
1557965106483,Chrome,com.android.chrome,True,MOVE_TO_BACKGROUND,True
1557965106605,기본홈(홈&앱서랍),com.lge.launcher2,False,MOVE_TO_FOREGROUND,False
1557965107411,기본홈(홈&앱서랍),com.lge.launcher2,False,MOVE_TO_BACKGROUND,False
1557965107427,Facebook,com.facebook.katana,False,MOVE_TO_FOREGROUND,False
1557965113336,Facebook,com.facebook.katana,False,MOVE_TO_BACKGROUND,False
1557965113377,Facebook,com.facebook.katana,False,MOVE_TO_FOREGROUND,False
1557965116170,Facebook,com.facebook.katana,False,MOVE_TO_BACKGROUND,False
1557965116219,Facebook,com.facebook.katana,False,MOVE_TO_FOREGROUND,False
1557965116919,Facebook,com.facebook.katana,False,MOVE_TO_BACKGROUND,False
1557965116951,Facebook,com.facebook.katana,False,MOVE_TO_FOREGROUND,False
1557965119196,Facebook,com.facebook.katana,False,MOVE_TO_BACKGROUND,False
1557965119213,Facebook,com.facebook.katana,False,MOVE_TO_FOREGROUND,False
1557965125031,Facebook,com.facebook.katana,False,MOVE_TO_BACKGROUND,False
1557965125094,기본홈(홈&앱서랍),com.lge.launcher2,False,MOVE_TO_FOREGROUND,False
1557965125947,기본홈(홈&앱서랍),com.lge.launcher2,False,MOVE_TO_BACKGROUND,False
1557965125966,카카오톡,com.kakao.talk,False,MOVE_TO_FOREGROUND,False
1557965126753,카카오톡,com.kakao.talk,False,MOVE_TO_BACKGROUND,False
1557965126766,카카오톡,com.kakao.talk,False,MOVE_TO_FOREGROUND,False
1557965126793,카카오톡,com.kakao.talk,False,MOVE_TO_BACKGROUND,False
1557965126813,카카오톡,com.kakao.talk,False,MOVE_TO_FOREGROUND,False
1557965127196,카카오톡,com.kakao.talk,False,MOVE_TO_BACKGROUND,False
1557965127651,카카오톡,com.kakao.talk,False,MOVE_TO_FOREGROUND,False
1557965129433,카카오톡,com.kakao.talk,False,MOVE_TO_BACKGROUND,False
1557965129445,카카오톡,com.kakao.talk,False,MOVE_TO_FOREGROUND,False
1557965137736,카카오톡,com.kakao.talk,False,MOVE_TO_BACKGROUND,False
1557965137776,카카오톡,com.kakao.talk,False,MOVE_TO_FOREGROUND,False
1557965138965,카카오톡,com.kakao.talk,False,MOVE_TO_BACKGROUND,False
1557965138975,카카오톡,com.kakao.talk,False,MOVE_TO_FOREGROUND,False
1557965140088,카카오톡,com.kakao.talk,False,MOVE_TO_BACKGROUND,False
1557965140117,카카오톡,com.kakao.talk,False,MOVE_TO_FOREGROUND,False
1557965143245,카카오톡,com.kakao.talk,False,MOVE_TO_BACKGROUND,False
1557965143260,카카오톡,com.kakao.talk,False,MOVE_TO_FOREGROUND,False
1557965144638,카카오톡,com.kakao.talk,False,MOVE_TO_BACKGROUND,False
1557965144660,카카오톡,com.kakao.talk,False,MOVE_TO_FOREGROUND,False
1557965150887,카카오톡,com.kakao.talk,False,MOVE_TO_BACKGROUND,False
1557965150935,기본홈(홈&앱서랍),com.lge.launcher2,False,MOVE_TO_FOREGROUND,False
1557965151701,기본홈(홈&앱서랍),com.lge.launcher2,False,MOVE_TO_BACKGROUND,False
1557965151714,Facebook,com.facebook.katana,False,MOVE_TO_FOREGROUND,False
1557965186915,Facebook,com.facebook.katana,False,MOVE_TO_BACKGROUND,False
1557965186936,Facebook,com.facebook.katana,False,MOVE_TO_FOREGROUND,False
1557965188261,Facebook,com.facebook.katana,False,MOVE_TO_BACKGROUND,False
1557965188282,Facebook,com.facebook.katana,False,MOVE_TO_FOREGROUND,False
1557965202022,Facebook,com.facebook.katana,False,MOVE_TO_BACKGROUND,False
1557965203341,해피스크린,kr.co.happymobile.happyscreen,False,MOVE_TO_BACKGROUND,False
1557965873369,해피스크린,kr.co.happymobile.happyscreen,False,MOVE_TO_FOREGROUND,False
1557965874558,해피스크린,kr.co.happymobile.happyscreen,False,MOVE_TO_BACKGROUND,False
1557965874663,Facebook,com.facebook.katana,False,MOVE_TO_FOREGROUND,False
1557965878258,Facebook,com.facebook.katana,False,MOVE_TO_BACKGROUND,False
1557965878344,기본홈(홈&앱서랍),com.lge.launcher2,False,MOVE_TO_FOREGROUND,False
1557965895152,기본홈(홈&앱서랍),com.lge.launcher2,False,MOVE_TO_BACKGROUND,False
1557965895220,갤러리,com.android.gallery3d,True,MOVE_TO_FOREGROUND,False
1557965974704,갤러리,com.android.gallery3d,True,MOVE_TO_BACKGROUND,False
1557965974809,기본홈(홈&앱서랍),com.lge.launcher2,False,MOVE_TO_FOREGROUND,False
1557965980205,기본홈(홈&앱서랍),com.lge.launcher2,False,MOVE_TO_BACKGROUND,False
1557965980327,Polar Beat,fi.polar.beat,False,MOVE_TO_FOREGROUND,False
1557965982205,ABC Logger,kaist.iclab.abclogger,False,USER_INTERACTION,False
1557965982411,Polar Beat,fi.polar.beat,False,MOVE_TO_BACKGROUND,False
1557965982421,Polar Beat,fi.polar.beat,False,MOVE_TO_FOREGROUND,False
1557965982947,Polar Beat,fi.polar.beat,False,MOVE_TO_BACKGROUND,False
1557965983154,Bluetooth,com.lge.bluetoothsetting,True,MOVE_TO_FOREGROUND,False
1557965983612,Bluetooth,com.lge.bluetoothsetting,True,MOVE_TO_BACKGROUND,False
1557965983668,Bluetooth,com.lge.bluetoothsetting,True,MOVE_TO_FOREGROUND,False
1557965989769,Bluetooth,com.lge.bluetoothsetting,True,MOVE_TO_BACKGROUND,False
1557965990296,Bluetooth,com.lge.bluetoothsetting,True,MOVE_TO_FOREGROUND,False
1557965992892,Bluetooth,com.lge.bluetoothsetting,True,MOVE_TO_BACKGROUND,False
1557965992991,Bluetooth,com.lge.bluetoothsetting,True,MOVE_TO_FOREGROUND,False
1557965994977,Bluetooth,com.lge.bluetoothsetting,True,MOVE_TO_BACKGROUND,False
1557965995067,Bluetooth,com.lge.bluetoothsetting,True,MOVE_TO_FOREGROUND,False
1557965995130,Bluetooth,com.lge.bluetoothsetting,True,MOVE_TO_BACKGROUND,False
1557965995162,Polar Beat,fi.polar.beat,False,MOVE_TO_FOREGROUND,False
1557965996990,Polar Beat,fi.polar.beat,False,MOVE_TO_BACKGROUND,False
1557965997067,Wi-Fi,com.lge.wifisettings,True,MOVE_TO_FOREGROUND,False
1557966000032,Wi-Fi,com.lge.wifisettings,True,MOVE_TO_BACKGROUND,False
1557966000111,Polar Beat,fi.polar.beat,False,MOVE_TO_FOREGROUND,False
1557966007153,Polar Beat,fi.polar.beat,False,MOVE_TO_BACKGROUND,False
1557966007195,Polar Beat,fi.polar.beat,False,MOVE_TO_FOREGROUND,False
1557966009475,Polar Beat,fi.polar.beat,False,MOVE_TO_BACKGROUND,False
1557966009481,Polar Beat,fi.polar.beat,False,MOVE_TO_FOREGROUND,False
1557966010536,Polar Beat,fi.polar.beat,False,MOVE_TO_BACKGROUND,False
1557966010551,Polar Beat,fi.polar.beat,False,MOVE_TO_FOREGROUND,False
1557966018975,Polar Beat,fi.polar.beat,False,USER_INTERACTION,False
1557966019915,Polar Beat,fi.polar.beat,False,MOVE_TO_BACKGROUND,False
1557966019926,Polar Beat,fi.polar.beat,False,MOVE_TO_FOREGROUND,False
1557966025267,Polar Beat,fi.polar.beat,False,MOVE_TO_BACKGROUND,False
1557966025279,Polar Beat,fi.polar.beat,False,MOVE_TO_FOREGROUND,False
1557966026890,Polar Beat,fi.polar.beat,False,MOVE_TO_BACKGROUND,False
1557966026899,Polar Beat,fi.polar.beat,False,MOVE_TO_FOREGROUND,False
1557966028239,Polar Beat,fi.polar.beat,False,MOVE_TO_BACKGROUND,False
1557966028263,Polar Beat,fi.polar.beat,False,MOVE_TO_FOREGROUND,False
1557966050813,Polar Beat,fi.polar.beat,False,USER_INTERACTION,False
1557966058010,Polar Beat,fi.polar.beat,False,MOVE_TO_BACKGROUND,False
1557966058112,Polar Beat,fi.polar.beat,False,MOVE_TO_FOREGROUND,False
1557966060320,Polar Beat,fi.polar.beat,False,MOVE_TO_BACKGROUND,False
1557966061474,해피스크린,kr.co.happymobile.happyscreen,False,MOVE_TO_FOREGROUND,False
1557966061475,해피스크린,kr.co.happymobile.happyscreen,False,MOVE_TO_BACKGROUND,False
1557966612002,해피스크린,kr.co.happymobile.happyscreen,False,MOVE_TO_FOREGROUND,False
1557966621126,해피스크린,kr.co.happymobile.happyscreen,False,MOVE_TO_BACKGROUND,False
1557966621483,Polar Beat,fi.polar.beat,False,MOVE_TO_FOREGROUND,False
1557966623002,Polar Beat,fi.polar.beat,False,MOVE_TO_BACKGROUND,False
1557966624237,해피스크린,kr.co.happymobile.happyscreen,False,MOVE_TO_BACKGROUND,False
1557966667690,해피스크린,kr.co.happymobile.happyscreen,False,MOVE_TO_FOREGROUND,False
1557966669425,해피스크린,kr.co.happymobile.happyscreen,False,MOVE_TO_BACKGROUND,False
1557966669573,Polar Beat,fi.polar.beat,False,MOVE_TO_FOREGROUND,False
1557966670370,Polar Beat,fi.polar.beat,False,MOVE_TO_BACKGROUND,False
1557966670449,기본홈(홈&앱서랍),com.lge.launcher2,False,MOVE_TO_FOREGROUND,False
1557966674669,기본홈(홈&앱서랍),com.lge.launcher2,False,MOVE_TO_BACKGROUND,False
1557966674743,네이버 지도,com.nhn.android.nmap,False,MOVE_TO_FOREGROUND,False
1557966676101,네이버 지도,com.nhn.android.nmap,False,MOVE_TO_BACKGROUND,False
1557966676214,네이버 지도,com.nhn.android.nmap,False,MOVE_TO_FOREGROUND,False
1557966689302,네이버 지도,com.nhn.android.nmap,False,MOVE_TO_BACKGROUND,False
1557966689482,기본홈(홈&앱서랍),com.lge.launcher2,False,MOVE_TO_FOREGROUND,False
1557966691186,기본홈(홈&앱서랍),com.lge.launcher2,False,MOVE_TO_BACKGROUND,False
1557966691208,Chrome,com.android.chrome,True,MOVE_TO_FOREGROUND,True
1557966780933,Chrome,com.android.chrome,True,MOVE_TO_BACKGROUND,True
1557966781183,기본홈(홈&앱서랍),com.lge.launcher2,False,MOVE_TO_FOREGROUND,False
1557966782651,기본홈(홈&앱서랍),com.lge.launcher2,False,MOVE_TO_BACKGROUND,False
1557966782689,네이버 지도,com.nhn.android.nmap,False,MOVE_TO_FOREGROUND,False
1557966782733,네이버 지도,com.nhn.android.nmap,False,MOVE_TO_BACKGROUND,False
1557966782872,네이버 지도,com.nhn.android.nmap,False,MOVE_TO_FOREGROUND,False
1557966789339,네이버 지도,com.nhn.android.nmap,False,MOVE_TO_BACKGROUND,False
1557966790520,해피스크린,kr.co.happymobile.happyscreen,False,MOVE_TO_FOREGROUND,False
1557966790521,해피스크린,kr.co.happymobile.happyscreen,False,MOVE_TO_BACKGROUND,False
1557966846759,해피스크린,kr.co.happymobile.happyscreen,False,MOVE_TO_FOREGROUND,False
1557966849464,해피스크린,kr.co.happymobile.happyscreen,False,MOVE_TO_BACKGROUND,False
1557966849619,네이버 지도,com.nhn.android.nmap,False,MOVE_TO_FOREGROUND,False
1557966852257,네이버 지도,com.nhn.android.nmap,False,MOVE_TO_BACKGROUND,False
1557966852397,기본홈(홈&앱서랍),com.lge.launcher2,False,MOVE_TO_FOREGROUND,False
1557966853571,기본홈(홈&앱서랍),com.lge.launcher2,False,MOVE_TO_BACKGROUND,False
1557966854083,Chrome,com.android.chrome,True,MOVE_TO_FOREGROUND,True
1557966867237,AhnLab V3 Mobile Security,com.ahnlab.v3mobilesecurity.soda,False,USER_INTERACTION,False
1557966870850,ABC Logger,kaist.iclab.abclogger,False,USER_INTERACTION,False
1557966900713,Chrome,com.android.chrome,True,MOVE_TO_BACKGROUND,True
1557966901093,설정,com.android.settings,True,MOVE_TO_FOREGROUND,False
1557966905399,설정,com.android.settings,True,MOVE_TO_BACKGROUND,False
1557966905841,Wi-Fi,com.lge.wifisettings,True,MOVE_TO_FOREGROUND,False
1557966918600,Wi-Fi,com.lge.wifisettings,True,MOVE_TO_BACKGROUND,False
1557966918686,Wi-Fi,com.lge.wifisettings,True,MOVE_TO_FOREGROUND,False
1557966941824,Wi-Fi,com.lge.wifisettings,True,MOVE_TO_BACKGROUND,False
1557966941889,Wi-Fi,com.lge.wifisettings,True,MOVE_TO_FOREGROUND,False
1557966948154,Wi-Fi,com.lge.wifisettings,True,MOVE_TO_BACKGROUND,False
1557966948171,Wi-Fi,com.lge.wifisettings,True,MOVE_TO_FOREGROUND,False
1557966972919,Wi-Fi,com.lge.wifisettings,True,MOVE_TO_BACKGROUND,False
1557966973102,기본홈(홈&앱서랍),com.lge.launcher2,False,MOVE_TO_FOREGROUND,False
1557966974388,기본홈(홈&앱서랍),com.lge.launcher2,False,MOVE_TO_BACKGROUND,False
1557966974427,Chrome,com.android.chrome,True,MOVE_TO_FOREGROUND,True
1557967180106,티몬,com.tmon,False,USER_INTERACTION,False
1557967184222,Chrome,com.android.chrome,True,MOVE_TO_BACKGROUND,True
1557967185410,해피스크린,kr.co.happymobile.happyscreen,False,MOVE_TO_FOREGROUND,False
1557967185411,해피스크린,kr.co.happymobile.happyscreen,False,MOVE_TO_BACKGROUND,False
1557967249762,해피스크린,kr.co.happymobile.happyscreen,False,MOVE_TO_FOREGROUND,False
1557967251297,해피스크린,kr.co.happymobile.happyscreen,False,MOVE_TO_BACKGROUND,False
1557967251395,Chrome,com.android.chrome,True,MOVE_TO_FOREGROUND,True
1557967589134,Chrome,com.android.chrome,True,MOVE_TO_BACKGROUND,True
1557967591891,해피스크린,kr.co.happymobile.happyscreen,False,MOVE_TO_FOREGROUND,False
1557967591892,해피스크린,kr.co.happymobile.happyscreen,False,MOVE_TO_BACKGROUND,False
1557967615853,해피스크린,kr.co.happymobile.happyscreen,False,MOVE_TO_FOREGROUND,False
1557967617322,해피스크린,kr.co.happymobile.happyscreen,False,MOVE_TO_BACKGROUND,False
1557967617554,Chrome,com.android.chrome,True,MOVE_TO_FOREGROUND,True
1557967642054,ABC Logger,kaist.iclab.abclogger,False,USER_INTERACTION,False
1557967701449,Chrome,com.android.chrome,True,MOVE_TO_BACKGROUND,True
1557967702291,기본홈(홈&앱서랍),com.lge.launcher2,False,MOVE_TO_FOREGROUND,False
1557967704068,기본홈(홈&앱서랍),com.lge.launcher2,False,MOVE_TO_BACKGROUND,False
1557967705984,해피스크린,kr.co.happymobile.happyscreen,False,MOVE_TO_FOREGROUND,False
1557967705996,해피스크린,kr.co.happymobile.happyscreen,False,MOVE_TO_BACKGROUND,False
1557967728066,해피스크린,kr.co.happymobile.happyscreen,False,MOVE_TO_FOREGROUND,False
1557967733818,해피스크린,kr.co.happymobile.happyscreen,False,MOVE_TO_BACKGROUND,False
1557967734063,기본홈(홈&앱서랍),com.lge.launcher2,False,MOVE_TO_FOREGROUND,False
1557967743307,기본홈(홈&앱서랍),com.lge.launcher2,False,MOVE_TO_BACKGROUND,False
1557967743522,Polar Beat,fi.polar.beat,False,MOVE_TO_FOREGROUND,False
1557967749869,Polar Beat,fi.polar.beat,False,MOVE_TO_BACKGROUND,False
1557967749887,Polar Beat,fi.polar.beat,False,MOVE_TO_FOREGROUND,False
1557967753313,Polar Beat,fi.polar.beat,False,MOVE_TO_BACKGROUND,False
1557967753437,기본홈(홈&앱서랍),com.lge.launcher2,False,MOVE_TO_FOREGROUND,False
1557967758645,기본홈(홈&앱서랍),com.lge.launcher2,False,MOVE_TO_BACKGROUND,False
1557967758922,Logger,iclab.kaist.ac.kr.msband_logger,False,MOVE_TO_FOREGROUND,False
1557967759556,Logger,iclab.kaist.ac.kr.msband_logger,False,MOVE_TO_BACKGROUND,False
1557967759884,패키지 설치 프로그램,com.google.android.packageinstaller,True,MOVE_TO_FOREGROUND,False
1557967760466,패키지 설치 프로그램,com.google.android.packageinstaller,True,MOVE_TO_BACKGROUND,False
1557967760508,Logger,iclab.kaist.ac.kr.msband_logger,False,MOVE_TO_FOREGROUND,False
1557967762301,Logger,iclab.kaist.ac.kr.msband_logger,False,MOVE_TO_BACKGROUND,False
1557967762455,접근성,com.android.settingsaccessibility,True,MOVE_TO_FOREGROUND,False
1557967767477,접근성,com.android.settingsaccessibility,True,MOVE_TO_BACKGROUND,False
1557967767523,접근성,com.android.settingsaccessibility,True,MOVE_TO_FOREGROUND,False
1557967774036,접근성,com.android.settingsaccessibility,True,MOVE_TO_BACKGROUND,False
1557967774051,접근성,com.android.settingsaccessibility,True,MOVE_TO_FOREGROUND,False
1557967774996,접근성,com.android.settingsaccessibility,True,MOVE_TO_BACKGROUND,False
1557967775016,Logger,iclab.kaist.ac.kr.msband_logger,False,MOVE_TO_FOREGROUND,False
1557967780337,Logger,iclab.kaist.ac.kr.msband_logger,False,MOVE_TO_BACKGROUND,False
1557967780462,기본홈(홈&앱서랍),com.lge.launcher2,False,MOVE_TO_FOREGROUND,False
1557967783129,기본홈(홈&앱서랍),com.lge.launcher2,False,MOVE_TO_BACKGROUND,False
1557967783159,Paco,com.pacoapp.paco,False,MOVE_TO_FOREGROUND,False
1557967785040,Polar Beat,fi.polar.beat,False,USER_INTERACTION,False
1557967786391,Paco,com.pacoapp.paco,False,MOVE_TO_BACKGROUND,False
1557967786407,Paco,com.pacoapp.paco,False,MOVE_TO_FOREGROUND,False
1557967787904,Paco,com.pacoapp.paco,False,MOVE_TO_BACKGROUND,False
1557967787916,Paco,com.pacoapp.paco,False,MOVE_TO_FOREGROUND,False
1557967790693,Paco,com.pacoapp.paco,False,MOVE_TO_BACKGROUND,False
1557967790772,기본홈(홈&앱서랍),com.lge.launcher2,False,MOVE_TO_FOREGROUND,False
1557967793333,기본홈(홈&앱서랍),com.lge.launcher2,False,MOVE_TO_BACKGROUND,False
1557967793468,갤러리,com.android.gallery3d,True,MOVE_TO_FOREGROUND,False
1557967851906,갤러리,com.android.gallery3d,True,MOVE_TO_BACKGROUND,False
1557967851987,기본홈(홈&앱서랍),com.lge.launcher2,False,MOVE_TO_FOREGROUND,False
1557967853484,기본홈(홈&앱서랍),com.lge.launcher2,False,MOVE_TO_BACKGROUND,False
1557967856925,해피스크린,kr.co.happymobile.happyscreen,False,MOVE_TO_BACKGROUND,False
1557967856926,해피스크린,kr.co.happymobile.happyscreen,False,MOVE_TO_FOREGROUND,False
1557968010261,해피스크린,kr.co.happymobile.happyscreen,False,MOVE_TO_FOREGROUND,False
1557968021905,해피스크린,kr.co.happymobile.happyscreen,False,MOVE_TO_BACKGROUND,False
1557968021979,기본홈(홈&앱서랍),com.lge.launcher2,False,MOVE_TO_FOREGROUND,False
1557968022341,기본홈(홈&앱서랍),com.lge.launcher2,False,MOVE_TO_BACKGROUND,False
1557968023517,기본홈(홈&앱서랍),com.lge.launcher2,False,MOVE_TO_FOREGROUND,False
1557968027551,기본홈(홈&앱서랍),com.lge.launcher2,False,MOVE_TO_BACKGROUND,False
1557968027570,해피스크린,kr.co.happymobile.happyscreen,False,MOVE_TO_FOREGROUND,False
1557968030774,해피스크린,kr.co.happymobile.happyscreen,False,MOVE_TO_BACKGROUND,False
1557968030856,기본홈(홈&앱서랍),com.lge.launcher2,False,MOVE_TO_FOREGROUND,False
1557968031841,기본홈(홈&앱서랍),com.lge.launcher2,False,MOVE_TO_BACKGROUND,False
1557968031882,해피스크린,kr.co.happymobile.happyscreen,False,MOVE_TO_FOREGROUND,False
1557968032683,해피스크린,kr.co.happymobile.happyscreen,False,MOVE_TO_BACKGROUND,False
1557968032714,해피스크린,kr.co.happymobile.happyscreen,False,MOVE_TO_FOREGROUND,False
1557968040312,해피스크린,kr.co.happymobile.happyscreen,False,MOVE_TO_BACKGROUND,False
1557968040350,해피스크린,kr.co.happymobile.happyscreen,False,MOVE_TO_FOREGROUND,False
1557968049519,해피스크린,kr.co.happymobile.happyscreen,False,MOVE_TO_BACKGROUND,False
1557968049546,해피스크린,kr.co.happymobile.happyscreen,False,MOVE_TO_FOREGROUND,False
1557968050738,해피스크린,kr.co.happymobile.happyscreen,False,MOVE_TO_BACKGROUND,False
1557968050790,기본홈(홈&앱서랍),com.lge.launcher2,False,MOVE_TO_FOREGROUND,False
1557968054971,기본홈(홈&앱서랍),com.lge.launcher2,False,MOVE_TO_BACKGROUND,False
1557968055011,해피포인트,com.hpapp,False,MOVE_TO_FOREGROUND,False
1557968058541,해피포인트,com.hpapp,False,MOVE_TO_BACKGROUND,False
1557968058562,해피포인트,com.hpapp,False,MOVE_TO_FOREGROUND,False
1557968058624,해피포인트,com.hpapp,False,MOVE_TO_BACKGROUND,False
1557968058633,해피포인트,com.hpapp,False,MOVE_TO_FOREGROUND,False
1557968060216,해피포인트,com.hpapp,False,MOVE_TO_BACKGROUND,False
1557968060273,해피포인트,com.hpapp,False,MOVE_TO_FOREGROUND,False
1557968063738,해피포인트,com.hpapp,False,MOVE_TO_BACKGROUND,False
1557968063754,해피포인트,com.hpapp,False,MOVE_TO_FOREGROUND,False
1557968080926,해피포인트,com.hpapp,False,MOVE_TO_BACKGROUND,False
1557968080988,기본홈(홈&앱서랍),com.lge.launcher2,False,MOVE_TO_FOREGROUND,False
1557968086887,기본홈(홈&앱서랍),com.lge.launcher2,False,MOVE_TO_BACKGROUND,False
1557968087014,KT 멤버십,com.olleh.android.oc2,False,MOVE_TO_FOREGROUND,False
1557968098787,KT 멤버십,com.olleh.android.oc2,False,MOVE_TO_BACKGROUND,False
1557968098816,KT 멤버십,com.olleh.android.oc2,False,MOVE_TO_FOREGROUND,False
1557968110835,KT 멤버십,com.olleh.android.oc2,False,MOVE_TO_BACKGROUND,False
1557968110893,KT 멤버십,com.olleh.android.oc2,False,MOVE_TO_FOREGROUND,False
1557968113556,KT 멤버십,com.olleh.android.oc2,False,MOVE_TO_BACKGROUND,False
1557968113573,KT 멤버십,com.olleh.android.oc2,False,MOVE_TO_FOREGROUND,False
1557968116920,KT 멤버십,com.olleh.android.oc2,False,MOVE_TO_BACKGROUND,False
1557968116989,기본홈(홈&앱서랍),com.lge.launcher2,False,MOVE_TO_FOREGROUND,False
1557968124793,기본홈(홈&앱서랍),com.lge.launcher2,False,MOVE_TO_BACKGROUND,False
1557968124918,Facebook,com.facebook.katana,False,MOVE_TO_FOREGROUND,False
1557968125658,Facebook,com.facebook.katana,False,MOVE_TO_BACKGROUND,False
1557968125729,Facebook,com.facebook.katana,False,MOVE_TO_FOREGROUND,False
1557968129391,Facebook,com.facebook.katana,False,MOVE_TO_BACKGROUND,False
1557968129543,Facebook,com.facebook.katana,False,MOVE_TO_FOREGROUND,False
1557968174201,Facebook,com.facebook.katana,False,MOVE_TO_BACKGROUND,False
1557968174567,Facebook,com.facebook.katana,False,MOVE_TO_FOREGROUND,False
1557968203227,Facebook,com.facebook.katana,False,MOVE_TO_BACKGROUND,False
1557968203286,Facebook,com.facebook.katana,False,MOVE_TO_FOREGROUND,False
1557968223487,Facebook,com.facebook.katana,False,MOVE_TO_BACKGROUND,False
1557968224654,해피스크린,kr.co.happymobile.happyscreen,False,MOVE_TO_BACKGROUND,False
1557968224655,해피스크린,kr.co.happymobile.happyscreen,False,MOVE_TO_FOREGROUND,False
1557968243939,해피스크린,kr.co.happymobile.happyscreen,False,MOVE_TO_FOREGROUND,False
1557968245942,해피스크린,kr.co.happymobile.happyscreen,False,MOVE_TO_BACKGROUND,False
1557968246098,Polar Beat,fi.polar.beat,False,MOVE_TO_FOREGROUND,False
1557968282711,Polar Beat,fi.polar.beat,False,MOVE_TO_BACKGROUND,False
1557968282790,기본홈(홈&앱서랍),com.lge.launcher2,False,MOVE_TO_FOREGROUND,False
1557968288519,기본홈(홈&앱서랍),com.lge.launcher2,False,MOVE_TO_BACKGROUND,False
1557968288589,H&M,com.hm.goe,False,MOVE_TO_FOREGROUND,False
1557968295536,H&M,com.hm.goe,False,MOVE_TO_BACKGROUND,False
1557968295674,H&M,com.hm.goe,False,MOVE_TO_FOREGROUND,False
1557968308554,H&M,com.hm.goe,False,MOVE_TO_BACKGROUND,False
1557968308663,H&M,com.hm.goe,False,MOVE_TO_FOREGROUND,False
1557968311517,H&M,com.hm.goe,False,MOVE_TO_BACKGROUND,False
1557968311621,H&M,com.hm.goe,False,MOVE_TO_FOREGROUND,False
1557968323009,H&M,com.hm.goe,False,MOVE_TO_BACKGROUND,False
1557968323136,H&M,com.hm.goe,False,MOVE_TO_FOREGROUND,False
1557968325503,H&M,com.hm.goe,False,MOVE_TO_BACKGROUND,False
1557968325562,H&M,com.hm.goe,False,MOVE_TO_FOREGROUND,False
1557968344643,H&M,com.hm.goe,False,MOVE_TO_BACKGROUND,False
1557968344833,H&M,com.hm.goe,False,MOVE_TO_FOREGROUND,False
1557968355398,H&M,com.hm.goe,False,MOVE_TO_BACKGROUND,False
1557968355439,H&M,com.hm.goe,False,MOVE_TO_FOREGROUND,False
1557968397783,H&M,com.hm.goe,False,MOVE_TO_BACKGROUND,False
1557968397907,H&M,com.hm.goe,False,MOVE_TO_FOREGROUND,False
1557968404172,H&M,com.hm.goe,False,MOVE_TO_BACKGROUND,False
1557968404187,H&M,com.hm.goe,False,MOVE_TO_FOREGROUND,False
1557968448954,쿠팡,com.coupang.mobile,False,USER_INTERACTION,False
1557968472169,H&M,com.hm.goe,False,MOVE_TO_BACKGROUND,False
1557968472268,H&M,com.hm.goe,False,MOVE_TO_FOREGROUND,False
1557968473953,H&M,com.hm.goe,False,MOVE_TO_BACKGROUND,False
1557968473961,H&M,com.hm.goe,False,MOVE_TO_FOREGROUND,False
1557968477194,H&M,com.hm.goe,False,MOVE_TO_BACKGROUND,False
1557968477225,H&M,com.hm.goe,False,MOVE_TO_FOREGROUND,False
1557968479408,H&M,com.hm.goe,False,MOVE_TO_BACKGROUND,False
1557968479417,H&M,com.hm.goe,False,MOVE_TO_FOREGROUND,False
1557968480784,H&M,com.hm.goe,False,MOVE_TO_BACKGROUND,False
1557968480802,H&M,com.hm.goe,False,MOVE_TO_FOREGROUND,False
1557968481039,H&M,com.hm.goe,False,MOVE_TO_BACKGROUND,False
1557968481080,H&M,com.hm.goe,False,MOVE_TO_FOREGROUND,False
1557968481959,H&M,com.hm.goe,False,MOVE_TO_BACKGROUND,False
1557968482047,Google Play 서비스,com.google.android.gms,True,MOVE_TO_FOREGROUND,True
1557968485100,Google Play 서비스,com.google.android.gms,True,MOVE_TO_BACKGROUND,True
1557968485148,H&M,com.hm.goe,False,MOVE_TO_FOREGROUND,False
1557968491947,H&M,com.hm.goe,False,MOVE_TO_BACKGROUND,False
1557968491967,Google Play 서비스,com.google.android.gms,True,MOVE_TO_FOREGROUND,True
1557968512844,Google Play 서비스,com.google.android.gms,True,MOVE_TO_BACKGROUND,True
1557968513002,H&M,com.hm.goe,False,MOVE_TO_FOREGROUND,False
1557968515438,H&M,com.hm.goe,False,MOVE_TO_BACKGROUND,False
1557968515567,H&M,com.hm.goe,False,MOVE_TO_FOREGROUND,False
1557968526502,H&M,com.hm.goe,False,MOVE_TO_BACKGROUND,False
1557968526614,H&M,com.hm.goe,False,MOVE_TO_FOREGROUND,False
1557968529807,H&M,com.hm.goe,False,MOVE_TO_BACKGROUND,False
1557968529871,H&M,com.hm.goe,False,MOVE_TO_FOREGROUND,False
1557968557698,H&M,com.hm.goe,False,MOVE_TO_BACKGROUND,False
1557968557925,기본홈(홈&앱서랍),com.lge.launcher2,False,MOVE_TO_FOREGROUND,False
1557968559570,기본홈(홈&앱서랍),com.lge.launcher2,False,MOVE_TO_BACKGROUND,False
1557968562643,해피스크린,kr.co.happymobile.happyscreen,False,MOVE_TO_BACKGROUND,False
1557968562644,해피스크린,kr.co.happymobile.happyscreen,False,MOVE_TO_FOREGROUND,False
1557968571521,해피스크린,kr.co.happymobile.happyscreen,False,MOVE_TO_FOREGROUND,False
1557968578858,해피스크린,kr.co.happymobile.happyscreen,False,MOVE_TO_BACKGROUND,False
1557968579335,기본홈(홈&앱서랍),com.lge.launcher2,False,MOVE_TO_FOREGROUND,False
1557968583115,기본홈(홈&앱서랍),com.lge.launcher2,False,MOVE_TO_BACKGROUND,False
1557968583213,H&M,com.hm.goe,False,MOVE_TO_FOREGROUND,False
1557968605920,H&M,com.hm.goe,False,MOVE_TO_BACKGROUND,False
1557968606456,H&M,com.hm.goe,False,MOVE_TO_FOREGROUND,False
1557968637752,H&M,com.hm.goe,False,MOVE_TO_BACKGROUND,False
1557968637927,H&M,com.hm.goe,False,MOVE_TO_FOREGROUND,False
1557968641828,H&M,com.hm.goe,False,MOVE_TO_BACKGROUND,False
1557968641951,H&M,com.hm.goe,False,MOVE_TO_FOREGROUND,False
1557968687479,AhnLab V3 Mobile Security,com.ahnlab.v3mobilesecurity.soda,False,USER_INTERACTION,False
1557968711112,H&M,com.hm.goe,False,MOVE_TO_BACKGROUND,False
1557968711501,H&M,com.hm.goe,False,MOVE_TO_FOREGROUND,False
1557968713828,Dropsync,com.ttxapps.dropsync,False,USER_INTERACTION,False
1557968714874,ABC Logger,kaist.iclab.abclogger,False,USER_INTERACTION,False
1557968721911,H&M,com.hm.goe,False,MOVE_TO_BACKGROUND,False
1557968722152,기본홈(홈&앱서랍),com.lge.launcher2,False,MOVE_TO_FOREGROUND,False
1557968737873,기본홈(홈&앱서랍),com.lge.launcher2,False,MOVE_TO_BACKGROUND,False
1557968739213,해피스크린,kr.co.happymobile.happyscreen,False,MOVE_TO_FOREGROUND,False
1557968739215,해피스크린,kr.co.happymobile.happyscreen,False,MOVE_TO_BACKGROUND,False
1557968766610,해피스크린,kr.co.happymobile.happyscreen,False,MOVE_TO_FOREGROUND,False
1557968773077,해피스크린,kr.co.happymobile.happyscreen,False,MOVE_TO_BACKGROUND,False
1557968773836,설정,com.android.settings,True,MOVE_TO_FOREGROUND,False
1557968784074,설정,com.android.settings,True,MOVE_TO_BACKGROUND,False
1557968784412,기본홈(홈&앱서랍),com.lge.launcher2,False,MOVE_TO_FOREGROUND,False
1557968794125,기본홈(홈&앱서랍),com.lge.launcher2,False,MOVE_TO_BACKGROUND,False
1557968794185,H&M,com.hm.goe,False,MOVE_TO_FOREGROUND,False
1557968840469,H&M,com.hm.goe,False,MOVE_TO_BACKGROUND,False
1557968841002,H&M,com.hm.goe,False,MOVE_TO_FOREGROUND,False
1557968844889,H&M,com.hm.goe,False,MOVE_TO_BACKGROUND,False
1557968844952,H&M,com.hm.goe,False,MOVE_TO_FOREGROUND,False
1557968866547,H&M,com.hm.goe,False,MOVE_TO_BACKGROUND,False
1557968866819,H&M,com.hm.goe,False,MOVE_TO_FOREGROUND,False
1557968916083,H&M,com.hm.goe,False,MOVE_TO_BACKGROUND,False
1557968916273,H&M,com.hm.goe,False,MOVE_TO_FOREGROUND,False
1557968917299,H&M,com.hm.goe,False,MOVE_TO_BACKGROUND,False
1557968917336,H&M,com.hm.goe,False,MOVE_TO_FOREGROUND,False
1557968921090,H&M,com.hm.goe,False,MOVE_TO_BACKGROUND,False
1557968921144,H&M,com.hm.goe,False,MOVE_TO_FOREGROUND,False
1557968923734,H&M,com.hm.goe,False,MOVE_TO_BACKGROUND,False
1557968923763,H&M,com.hm.goe,False,MOVE_TO_FOREGROUND,False
1557968935117,H&M,com.hm.goe,False,MOVE_TO_BACKGROUND,False
1557968935325,H&M,com.hm.goe,False,MOVE_TO_FOREGROUND,False
1557968941304,H&M,com.hm.goe,False,MOVE_TO_BACKGROUND,False
1557968941370,H&M,com.hm.goe,False,MOVE_TO_FOREGROUND,False
1557968972900,H&M,com.hm.goe,False,MOVE_TO_BACKGROUND,False
1557968973310,H&M,com.hm.goe,False,MOVE_TO_FOREGROUND,False
1557968987620,H&M,com.hm.goe,False,MOVE_TO_BACKGROUND,False
1557968987821,H&M,com.hm.goe,False,MOVE_TO_FOREGROUND,False
1557968992186,H&M,com.hm.goe,False,MOVE_TO_BACKGROUND,False
1557968992231,H&M,com.hm.goe,False,MOVE_TO_FOREGROUND,False
1557969011180,H&M,com.hm.goe,False,MOVE_TO_BACKGROUND,False
1557969011327,H&M,com.hm.goe,False,MOVE_TO_FOREGROUND,False
1557969021600,H&M,com.hm.goe,False,MOVE_TO_BACKGROUND,False
1557969021934,H&M,com.hm.goe,False,MOVE_TO_FOREGROUND,False
1557969037984,H&M,com.hm.goe,False,MOVE_TO_BACKGROUND,False
1557969038089,H&M,com.hm.goe,False,MOVE_TO_FOREGROUND,False
1557969040113,H&M,com.hm.goe,False,MOVE_TO_BACKGROUND,False
1557969040159,H&M,com.hm.goe,False,MOVE_TO_FOREGROUND,False
1557969057519,H&M,com.hm.goe,False,MOVE_TO_BACKGROUND,False
1557969057613,H&M,com.hm.goe,False,MOVE_TO_FOREGROUND,False
1557969080961,Paco,com.pacoapp.paco,False,USER_INTERACTION,False
1557969082320,H&M,com.hm.goe,False,MOVE_TO_BACKGROUND,False
1557969082512,Paco,com.pacoapp.paco,False,MOVE_TO_FOREGROUND,False
1557969129108,Paco,com.pacoapp.paco,False,MOVE_TO_BACKGROUND,False
1557969129258,Paco,com.pacoapp.paco,False,MOVE_TO_FOREGROUND,False
1557969132611,Paco,com.pacoapp.paco,False,MOVE_TO_BACKGROUND,False
1557969132871,Paco,com.pacoapp.paco,False,MOVE_TO_FOREGROUND,False
1557969140641,AhnLab V3 Mobile Security,com.ahnlab.v3mobilesecurity.soda,False,USER_INTERACTION,False
1557969142750,Paco,com.pacoapp.paco,False,MOVE_TO_BACKGROUND,False
1557969142950,H&M,com.hm.goe,False,MOVE_TO_FOREGROUND,False
1557969147075,H&M,com.hm.goe,False,MOVE_TO_BACKGROUND,False
1557969147224,기본홈(홈&앱서랍),com.lge.launcher2,False,MOVE_TO_FOREGROUND,False
1557969151528,기본홈(홈&앱서랍),com.lge.launcher2,False,MOVE_TO_BACKGROUND,False
1557969151566,Paco,com.pacoapp.paco,False,MOVE_TO_FOREGROUND,False
1557969153629,Paco,com.pacoapp.paco,False,MOVE_TO_BACKGROUND,False
1557969153653,Paco,com.pacoapp.paco,False,MOVE_TO_FOREGROUND,False
1557969159581,Paco,com.pacoapp.paco,False,MOVE_TO_BACKGROUND,False
1557969159645,Paco,com.pacoapp.paco,False,MOVE_TO_FOREGROUND,False
1557969162169,Paco,com.pacoapp.paco,False,MOVE_TO_BACKGROUND,False
1557969162194,Paco,com.pacoapp.paco,False,MOVE_TO_FOREGROUND,False
1557969166033,Paco,com.pacoapp.paco,False,MOVE_TO_BACKGROUND,False
1557969166156,기본홈(홈&앱서랍),com.lge.launcher2,False,MOVE_TO_FOREGROUND,False
1557969170031,기본홈(홈&앱서랍),com.lge.launcher2,False,MOVE_TO_BACKGROUND,False
1557969170080,H&M,com.hm.goe,False,MOVE_TO_FOREGROUND,False
1557969173497,H&M,com.hm.goe,False,MOVE_TO_BACKGROUND,False
1557969173522,H&M,com.hm.goe,False,MOVE_TO_FOREGROUND,False
1557969192786,H&M,com.hm.goe,False,MOVE_TO_BACKGROUND,False
1557969192823,H&M,com.hm.goe,False,MOVE_TO_FOREGROUND,False
1557969197411,H&M,com.hm.goe,False,MOVE_TO_BACKGROUND,False
1557969197446,H&M,com.hm.goe,False,MOVE_TO_FOREGROUND,False
1557969235171,H&M,com.hm.goe,False,MOVE_TO_BACKGROUND,False
1557969235269,H&M,com.hm.goe,False,MOVE_TO_FOREGROUND,False
1557969242710,H&M,com.hm.goe,False,MOVE_TO_BACKGROUND,False
1557969242729,H&M,com.hm.goe,False,MOVE_TO_FOREGROUND,False
1557969275121,H&M,com.hm.goe,False,MOVE_TO_BACKGROUND,False
1557969275382,기본홈(홈&앱서랍),com.lge.launcher2,False,MOVE_TO_FOREGROUND,False
1557969277011,기본홈(홈&앱서랍),com.lge.launcher2,False,MOVE_TO_BACKGROUND,False
1557969277106,카카오톡,com.kakao.talk,False,MOVE_TO_FOREGROUND,False
1557969278344,카카오톡,com.kakao.talk,False,MOVE_TO_BACKGROUND,False
1557969278380,카카오톡,com.kakao.talk,False,MOVE_TO_FOREGROUND,False
1557969278444,카카오톡,com.kakao.talk,False,MOVE_TO_BACKGROUND,False
1557969278575,카카오톡,com.kakao.talk,False,MOVE_TO_FOREGROUND,False
1557969279228,카카오톡,com.kakao.talk,False,MOVE_TO_BACKGROUND,False
1557969279738,카카오톡,com.kakao.talk,False,MOVE_TO_FOREGROUND,False
1557969283254,카카오톡,com.kakao.talk,False,MOVE_TO_BACKGROUND,False
1557969283451,카카오톡,com.kakao.talk,False,MOVE_TO_FOREGROUND,False
1557969288146,카카오톡,com.kakao.talk,False,MOVE_TO_BACKGROUND,False
1557969288187,카카오톡,com.kakao.talk,False,MOVE_TO_FOREGROUND,False
1557969298808,카카오톡,com.kakao.talk,False,MOVE_TO_BACKGROUND,False
1557969298822,카카오톡,com.kakao.talk,False,MOVE_TO_FOREGROUND,False
1557969299771,카카오톡,com.kakao.talk,False,MOVE_TO_BACKGROUND,False
1557969299867,기본홈(홈&앱서랍),com.lge.launcher2,False,MOVE_TO_FOREGROUND,False
1557969300966,기본홈(홈&앱서랍),com.lge.launcher2,False,MOVE_TO_BACKGROUND,False
1557969301078,Chrome,com.android.chrome,True,MOVE_TO_FOREGROUND,True
1557969302216,Chrome,com.android.chrome,True,MOVE_TO_BACKGROUND,True
1557969302840,기본홈(홈&앱서랍),com.lge.launcher2,False,MOVE_TO_FOREGROUND,False
1557969304560,기본홈(홈&앱서랍),com.lge.launcher2,False,MOVE_TO_BACKGROUND,False
1557969304732,H&M,com.hm.goe,False,MOVE_TO_FOREGROUND,False
1557969312411,H&M,com.hm.goe,False,MOVE_TO_BACKGROUND,False
1557969312587,H&M,com.hm.goe,False,MOVE_TO_FOREGROUND,False
1557969321539,H&M,com.hm.goe,False,MOVE_TO_BACKGROUND,False
1557969321706,H&M,com.hm.goe,False,MOVE_TO_FOREGROUND,False
1557969325161,H&M,com.hm.goe,False,MOVE_TO_BACKGROUND,False
1557969325245,H&M,com.hm.goe,False,MOVE_TO_FOREGROUND,False
1557969326392,H&M,com.hm.goe,False,MOVE_TO_BACKGROUND,False
1557969326520,Google Play 서비스,com.google.android.gms,True,MOVE_TO_FOREGROUND,True
1557969331896,Google Play 서비스,com.google.android.gms,True,MOVE_TO_BACKGROUND,True
1557969331930,H&M,com.hm.goe,False,MOVE_TO_FOREGROUND,False
1557969345077,H&M,com.hm.goe,False,MOVE_TO_BACKGROUND,False
1557969345393,H&M,com.hm.goe,False,MOVE_TO_FOREGROUND,False
1557969357217,H&M,com.hm.goe,False,MOVE_TO_BACKGROUND,False
1557969357268,H&M,com.hm.goe,False,MOVE_TO_FOREGROUND,False
1557969369167,H&M,com.hm.goe,False,MOVE_TO_BACKGROUND,False
1557969369221,H&M,com.hm.goe,False,MOVE_TO_FOREGROUND,False
1557969371096,H&M,com.hm.goe,False,MOVE_TO_BACKGROUND,False
1557969371159,H&M,com.hm.goe,False,MOVE_TO_FOREGROUND,False
1557969373320,H&M,com.hm.goe,False,MOVE_TO_BACKGROUND,False
1557969373361,H&M,com.hm.goe,False,MOVE_TO_FOREGROUND,False
1557969445144,H&M,com.hm.goe,False,MOVE_TO_BACKGROUND,False
1557969445163,H&M,com.hm.goe,False,MOVE_TO_FOREGROUND,False
1557969453383,H&M,com.hm.goe,False,MOVE_TO_BACKGROUND,False
1557969453469,H&M,com.hm.goe,False,MOVE_TO_FOREGROUND,False
1557969466916,H&M,com.hm.goe,False,MOVE_TO_BACKGROUND,False
1557969467055,H&M,com.hm.goe,False,MOVE_TO_FOREGROUND,False
1557969492868,H&M,com.hm.goe,False,MOVE_TO_BACKGROUND,False
1557969492902,H&M,com.hm.goe,False,MOVE_TO_FOREGROUND,False
1557969494036,H&M,com.hm.goe,False,MOVE_TO_BACKGROUND,False
1557969494058,H&M,com.hm.goe,False,MOVE_TO_FOREGROUND,False
1557969499966,H&M,com.hm.goe,False,MOVE_TO_BACKGROUND,False
1557969499989,H&M,com.hm.goe,False,MOVE_TO_FOREGROUND,False
1557969502441,H&M,com.hm.goe,False,MOVE_TO_BACKGROUND,False
1557969502476,H&M,com.hm.goe,False,MOVE_TO_FOREGROUND,False
1557969505197,H&M,com.hm.goe,False,MOVE_TO_BACKGROUND,False
1557969505228,H&M,com.hm.goe,False,MOVE_TO_FOREGROUND,False
1557969509915,H&M,com.hm.goe,False,MOVE_TO_BACKGROUND,False
1557969509928,H&M,com.hm.goe,False,MOVE_TO_FOREGROUND,False
1557969515938,H&M,com.hm.goe,False,MOVE_TO_BACKGROUND,False
1557969515967,H&M,com.hm.goe,False,MOVE_TO_FOREGROUND,False
1557969523681,H&M,com.hm.goe,False,MOVE_TO_BACKGROUND,False
1557969523705,H&M,com.hm.goe,False,MOVE_TO_FOREGROUND,False
1557969534810,H&M,com.hm.goe,False,MOVE_TO_BACKGROUND,False
1557969534975,H&M,com.hm.goe,False,MOVE_TO_FOREGROUND,False
1557969545906,H&M,com.hm.goe,False,MOVE_TO_BACKGROUND,False
1557969545925,H&M,com.hm.goe,False,MOVE_TO_FOREGROUND,False
1557969547814,H&M,com.hm.goe,False,MOVE_TO_BACKGROUND,False
1557969547852,H&M,com.hm.goe,False,MOVE_TO_FOREGROUND,False
1557969557282,H&M,com.hm.goe,False,MOVE_TO_BACKGROUND,False
1557969557314,H&M,com.hm.goe,False,MOVE_TO_FOREGROUND,False
1557969565081,H&M,com.hm.goe,False,MOVE_TO_BACKGROUND,False
1557969565205,기본홈(홈&앱서랍),com.lge.launcher2,False,MOVE_TO_FOREGROUND,False
1557969566107,기본홈(홈&앱서랍),com.lge.launcher2,False,MOVE_TO_BACKGROUND,False
1557969566240,Chrome,com.android.chrome,True,MOVE_TO_FOREGROUND,True
1557969655185,Chrome,com.android.chrome,True,MOVE_TO_BACKGROUND,True
1557969655316,시스템 UI,com.android.systemui,True,MOVE_TO_FOREGROUND,False
1557969669952,시스템 UI,com.android.systemui,True,MOVE_TO_BACKGROUND,False
1557969670019,Chrome,com.android.chrome,True,MOVE_TO_FOREGROUND,True
1557969735436,Chrome,com.android.chrome,True,USER_INTERACTION,True
1557969739507,Chrome,com.android.chrome,True,USER_INTERACTION,True
1557969769043,Chrome,com.android.chrome,True,USER_INTERACTION,True
1557969769543,ABC Logger,kaist.iclab.abclogger,False,USER_INTERACTION,False
1557969788995,Chrome,com.android.chrome,True,MOVE_TO_BACKGROUND,True
1557969789939,기본홈(홈&앱서랍),com.lge.launcher2,False,MOVE_TO_FOREGROUND,False
1557969793745,기본홈(홈&앱서랍),com.lge.launcher2,False,MOVE_TO_BACKGROUND,False
1557969793780,Chrome,com.android.chrome,True,MOVE_TO_FOREGROUND,True
1557969845485,Chrome,com.android.chrome,True,MOVE_TO_BACKGROUND,True
1557969845843,기본홈(홈&앱서랍),com.lge.launcher2,False,MOVE_TO_FOREGROUND,False
1557969846844,기본홈(홈&앱서랍),com.lge.launcher2,False,MOVE_TO_BACKGROUND,False
1557969846953,Facebook,com.facebook.katana,False,MOVE_TO_FOREGROUND,False
1557969847714,Facebook,com.facebook.katana,False,MOVE_TO_BACKGROUND,False
1557969847811,Facebook,com.facebook.katana,False,MOVE_TO_FOREGROUND,False
1557969860799,Facebook,com.facebook.katana,False,MOVE_TO_BACKGROUND,False
1557969860950,Facebook,com.facebook.katana,False,MOVE_TO_FOREGROUND,False
1557969941209,Facebook,com.facebook.katana,False,MOVE_TO_BACKGROUND,False
1557969942551,해피스크린,kr.co.happymobile.happyscreen,False,MOVE_TO_BACKGROUND,False
1557969942552,해피스크린,kr.co.happymobile.happyscreen,False,MOVE_TO_FOREGROUND,False
1557972061549,해피스크린,kr.co.happymobile.happyscreen,False,MOVE_TO_FOREGROUND,False
1557972071343,해피스크린,kr.co.happymobile.happyscreen,False,MOVE_TO_BACKGROUND,False
1557972072860,해피스크린,kr.co.happymobile.happyscreen,False,MOVE_TO_BACKGROUND,False
1557972072861,해피스크린,kr.co.happymobile.happyscreen,False,MOVE_TO_FOREGROUND,False
1557972268866,해피스크린,kr.co.happymobile.happyscreen,False,MOVE_TO_FOREGROUND,False
1557972270476,티몬,com.tmon,False,USER_INTERACTION,False
1557972270976,Dropsync,com.ttxapps.dropsync,False,USER_INTERACTION,False
1557972271668,해피스크린,kr.co.happymobile.happyscreen,False,MOVE_TO_BACKGROUND,False
1557972271821,Paco,com.pacoapp.paco,False,MOVE_TO_FOREGROUND,False
1557972294092,Paco,com.pacoapp.paco,False,MOVE_TO_BACKGROUND,False
1557972294655,해피스크린,kr.co.happymobile.happyscreen,False,MOVE_TO_BACKGROUND,False
1557972294656,해피스크린,kr.co.happymobile.happyscreen,False,MOVE_TO_FOREGROUND,False
1557972489966,해피스크린,kr.co.happymobile.happyscreen,False,MOVE_TO_FOREGROUND,False
1557972491967,Dropsync,com.ttxapps.dropsync,False,USER_INTERACTION,False
1557972492465,Dropsync,com.ttxapps.dropsync,False,USER_INTERACTION,False
1557972493665,YouTube,com.google.android.youtube,True,USER_INTERACTION,True
1557972497004,ABC Logger,kaist.iclab.abclogger,False,USER_INTERACTION,False
1557972499953,해피스크린,kr.co.happymobile.happyscreen,False,MOVE_TO_BACKGROUND,False
1557972500134,Paco,com.pacoapp.paco,False,MOVE_TO_FOREGROUND,False
1557972662662,Paco,com.pacoapp.paco,False,MOVE_TO_BACKGROUND,False
1557972662714,Paco,com.pacoapp.paco,False,MOVE_TO_FOREGROUND,False
1557972666855,Paco,com.pacoapp.paco,False,MOVE_TO_BACKGROUND,False
1557972666872,Paco,com.pacoapp.paco,False,MOVE_TO_FOREGROUND,False
1557972669497,Paco,com.pacoapp.paco,False,MOVE_TO_BACKGROUND,False
1557972669553,기본홈(홈&앱서랍),com.lge.launcher2,False,MOVE_TO_FOREGROUND,False
1557972670716,기본홈(홈&앱서랍),com.lge.launcher2,False,MOVE_TO_BACKGROUND,False
1557972674514,해피스크린,kr.co.happymobile.happyscreen,False,MOVE_TO_FOREGROUND,False
1557972674519,해피스크린,kr.co.happymobile.happyscreen,False,MOVE_TO_BACKGROUND,False
1557973156327,해피스크린,kr.co.happymobile.happyscreen,False,MOVE_TO_FOREGROUND,False
1557973157961,해피스크린,kr.co.happymobile.happyscreen,False,MOVE_TO_BACKGROUND,False
1557973158086,기본홈(홈&앱서랍),com.lge.launcher2,False,MOVE_TO_FOREGROUND,False
1557973159546,기본홈(홈&앱서랍),com.lge.launcher2,False,MOVE_TO_BACKGROUND,False
1557973161284,기본홈(홈&앱서랍),com.lge.launcher2,False,MOVE_TO_FOREGROUND,False
1557973162382,기본홈(홈&앱서랍),com.lge.launcher2,False,MOVE_TO_BACKGROUND,False
1557973162463,카카오톡,com.kakao.talk,False,MOVE_TO_FOREGROUND,False
1557973164788,카카오톡,com.kakao.talk,False,MOVE_TO_BACKGROUND,False
1557973165060,카카오톡,com.kakao.talk,False,MOVE_TO_FOREGROUND,False
1557973167921,카카오톡,com.kakao.talk,False,MOVE_TO_BACKGROUND,False
1557973167943,카카오톡,com.kakao.talk,False,MOVE_TO_FOREGROUND,False
1557973169528,카카오톡,com.kakao.talk,False,MOVE_TO_BACKGROUND,False
1557973169580,카카오톡,com.kakao.talk,False,MOVE_TO_FOREGROUND,False
1557973181591,카카오톡,com.kakao.talk,False,MOVE_TO_BACKGROUND,False
1557973181663,카카오톡,com.kakao.talk,False,MOVE_TO_FOREGROUND,False
1557973182902,카카오톡,com.kakao.talk,False,MOVE_TO_BACKGROUND,False
1557973183081,카카오톡,com.kakao.talk,False,MOVE_TO_FOREGROUND,False
1557973183253,카카오톡,com.kakao.talk,False,MOVE_TO_BACKGROUND,False
1557973183433,기본홈(홈&앱서랍),com.lge.launcher2,False,MOVE_TO_FOREGROUND,False
1557973183454,기본홈(홈&앱서랍),com.lge.launcher2,False,MOVE_TO_BACKGROUND,False
1557973187085,해피스크린,kr.co.happymobile.happyscreen,False,MOVE_TO_FOREGROUND,False
1557973333522,해피스크린,kr.co.happymobile.happyscreen,False,MOVE_TO_FOREGROUND,False
1557973334896,Dropsync,com.ttxapps.dropsync,False,USER_INTERACTION,False
1557973338381,ABC Logger,kaist.iclab.abclogger,False,USER_INTERACTION,False
1557973339433,기본홈(홈&앱서랍),com.lge.launcher2,False,MOVE_TO_BACKGROUND,False
1557973339504,카카오톡,com.kakao.talk,False,MOVE_TO_FOREGROUND,False
1557973341134,카카오톡,com.kakao.talk,False,MOVE_TO_BACKGROUND,False
1557973341352,카카오톡,com.kakao.talk,False,MOVE_TO_FOREGROUND,False
1557973341643,카카오톡,com.kakao.talk,False,MOVE_TO_BACKGROUND,False
1557973341740,카카오톡,com.kakao.talk,False,MOVE_TO_FOREGROUND,False
1557973343686,카카오톡,com.kakao.talk,False,MOVE_TO_BACKGROUND,False
1557973344213,카카오톡,com.kakao.talk,False,MOVE_TO_FOREGROUND,False
1557973349945,카카오톡,com.kakao.talk,False,MOVE_TO_BACKGROUND,False
1557973349984,카카오톡,com.kakao.talk,False,MOVE_TO_FOREGROUND,False
1557973357651,카카오톡,com.kakao.talk,False,MOVE_TO_BACKGROUND,False
1557973357740,카카오톡,com.kakao.talk,False,MOVE_TO_FOREGROUND,False
1557973433653,카카오톡,com.kakao.talk,False,MOVE_TO_BACKGROUND,False
1557973434000,카카오톡,com.kakao.talk,False,MOVE_TO_FOREGROUND,False
1557973438109,카카오톡,com.kakao.talk,False,MOVE_TO_BACKGROUND,False
1557973438583,설정,com.android.settings,True,MOVE_TO_FOREGROUND,False
1557973456798,설정,com.android.settings,True,MOVE_TO_BACKGROUND,False
1557973457358,기본홈(홈&앱서랍),com.lge.launcher2,False,MOVE_TO_FOREGROUND,False
1557973459173,기본홈(홈&앱서랍),com.lge.launcher2,False,MOVE_TO_BACKGROUND,False
1557973459216,Chrome,com.android.chrome,True,MOVE_TO_FOREGROUND,True
1557973473267,Chrome,com.android.chrome,True,MOVE_TO_BACKGROUND,True
1557973473825,기본홈(홈&앱서랍),com.lge.launcher2,False,MOVE_TO_FOREGROUND,False
1557973477973,기본홈(홈&앱서랍),com.lge.launcher2,False,MOVE_TO_BACKGROUND,False
1557973478109,YouTube,com.google.android.youtube,True,MOVE_TO_FOREGROUND,True
1557973480501,YouTube,com.google.android.youtube,True,MOVE_TO_BACKGROUND,True
1557973480885,YouTube,com.google.android.youtube,True,MOVE_TO_FOREGROUND,True
1557973581865,YouTube,com.google.android.youtube,True,MOVE_TO_BACKGROUND,True
1557973582235,기본홈(홈&앱서랍),com.lge.launcher2,False,MOVE_TO_BACKGROUND,False
1557973582240,기본홈(홈&앱서랍),com.lge.launcher2,False,MOVE_TO_FOREGROUND,False
1557973586535,해피스크린,kr.co.happymobile.happyscreen,False,MOVE_TO_FOREGROUND,False
1557973695895,해피스크린,kr.co.happymobile.happyscreen,False,MOVE_TO_FOREGROUND,False
1557973705879,해피스크린,kr.co.happymobile.happyscreen,False,MOVE_TO_BACKGROUND,False
1557973707624,해피스크린,kr.co.happymobile.happyscreen,False,MOVE_TO_FOREGROUND,False
1557973714996,해피스크린,kr.co.happymobile.happyscreen,False,MOVE_TO_FOREGROUND,False
1557973716670,해피스크린,kr.co.happymobile.happyscreen,False,MOVE_TO_BACKGROUND,False
1557973717464,기본홈(홈&앱서랍),com.lge.launcher2,False,MOVE_TO_FOREGROUND,False
1557973718704,LFmall,kr.co.lgfashion.lgfashionshop.v28,False,USER_INTERACTION,False
1557973719234,카카오톡,com.kakao.talk,False,USER_INTERACTION,False
1557973722912,기본홈(홈&앱서랍),com.lge.launcher2,False,MOVE_TO_BACKGROUND,False
1557973722981,Chrome,com.android.chrome,True,MOVE_TO_FOREGROUND,True
1557973954379,Chrome,com.android.chrome,True,MOVE_TO_BACKGROUND,True
1557973955084,기본홈(홈&앱서랍),com.lge.launcher2,False,MOVE_TO_FOREGROUND,False
1557973960639,기본홈(홈&앱서랍),com.lge.launcher2,False,MOVE_TO_BACKGROUND,False
1557973960786,Logger,iclab.kaist.ac.kr.msband_logger,False,MOVE_TO_FOREGROUND,False
1557973962242,Logger,iclab.kaist.ac.kr.msband_logger,False,MOVE_TO_BACKGROUND,False
1557973963143,패키지 설치 프로그램,com.google.android.packageinstaller,True,MOVE_TO_FOREGROUND,False
1557973964357,패키지 설치 프로그램,com.google.android.packageinstaller,True,MOVE_TO_BACKGROUND,False
1557973964575,Logger,iclab.kaist.ac.kr.msband_logger,False,MOVE_TO_FOREGROUND,False
1557973965274,카카오톡,com.kakao.talk,False,USER_INTERACTION,False
1557973965792,Google Play 스토어,com.android.vending,True,USER_INTERACTION,True
1557973967891,Logger,iclab.kaist.ac.kr.msband_logger,False,MOVE_TO_BACKGROUND,False
1557973968372,접근성,com.android.settingsaccessibility,True,MOVE_TO_FOREGROUND,False
1557973970566,ABC Logger,kaist.iclab.abclogger,False,USER_INTERACTION,False
1557973988577,접근성,com.android.settingsaccessibility,True,MOVE_TO_BACKGROUND,False
1557973988689,접근성,com.android.settingsaccessibility,True,MOVE_TO_FOREGROUND,False
1557973992361,접근성,com.android.settingsaccessibility,True,MOVE_TO_BACKGROUND,False
1557973992628,기본홈(홈&앱서랍),com.lge.launcher2,False,MOVE_TO_FOREGROUND,False
1557973994023,메시지,com.android.mms,True,USER_INTERACTION,False
1557974052830,Dropsync,com.ttxapps.dropsync,False,USER_INTERACTION,False
1557974056166,메시지,com.android.mms,True,USER_INTERACTION,False
1557974057472,메시지,com.android.mms,True,USER_INTERACTION,False
1557974060239,기본홈(홈&앱서랍),com.lge.launcher2,False,MOVE_TO_BACKGROUND,False
1557974060327,메시지,com.android.mms,True,MOVE_TO_FOREGROUND,False
1557974134090,메시지,com.android.mms,True,MOVE_TO_BACKGROUND,False
1557974134460,기본홈(홈&앱서랍),com.lge.launcher2,False,MOVE_TO_FOREGROUND,False
1557974137283,Google Play 스토어,com.android.vending,True,USER_INTERACTION,True
1557974142749,기본홈(홈&앱서랍),com.lge.launcher2,False,MOVE_TO_BACKGROUND,False
1557974142847,Polar Beat,fi.polar.beat,False,MOVE_TO_FOREGROUND,False
1557974174398,Polar Beat,fi.polar.beat,False,MOVE_TO_BACKGROUND,False
1557974174836,기본홈(홈&앱서랍),com.lge.launcher2,False,MOVE_TO_FOREGROUND,False
1557974175103,기본홈(홈&앱서랍),com.lge.launcher2,False,MOVE_TO_BACKGROUND,False
1557974175129,시스템 UI,com.android.systemui,True,MOVE_TO_FOREGROUND,False
1557974178975,시스템 UI,com.android.systemui,True,MOVE_TO_BACKGROUND,False
1557974179127,기본홈(홈&앱서랍),com.lge.launcher2,False,MOVE_TO_FOREGROUND,False
1557974185481,기본홈(홈&앱서랍),com.lge.launcher2,False,MOVE_TO_BACKGROUND,False
1557974185562,Logger,iclab.kaist.ac.kr.msband_logger,False,MOVE_TO_FOREGROUND,False
1557974186071,Logger,iclab.kaist.ac.kr.msband_logger,False,MOVE_TO_BACKGROUND,False
1557974186348,패키지 설치 프로그램,com.google.android.packageinstaller,True,MOVE_TO_FOREGROUND,False
1557974186911,패키지 설치 프로그램,com.google.android.packageinstaller,True,MOVE_TO_BACKGROUND,False
1557974186965,Logger,iclab.kaist.ac.kr.msband_logger,False,MOVE_TO_FOREGROUND,False
1557974193861,Logger,iclab.kaist.ac.kr.msband_logger,False,MOVE_TO_BACKGROUND,False
1557974193901,접근성,com.android.settingsaccessibility,True,MOVE_TO_FOREGROUND,False
1557974196939,접근성,com.android.settingsaccessibility,True,MOVE_TO_BACKGROUND,False
1557974197029,기본홈(홈&앱서랍),com.lge.launcher2,False,MOVE_TO_FOREGROUND,False
1557974197794,기본홈(홈&앱서랍),com.lge.launcher2,False,MOVE_TO_BACKGROUND,False
1557974197940,카카오톡,com.kakao.talk,False,MOVE_TO_FOREGROUND,False
1557974204601,카카오톡,com.kakao.talk,False,MOVE_TO_BACKGROUND,False
1557974204624,카카오톡,com.kakao.talk,False,MOVE_TO_FOREGROUND,False
1557974204686,카카오톡,com.kakao.talk,False,MOVE_TO_BACKGROUND,False
1557974204779,카카오톡,com.kakao.talk,False,MOVE_TO_FOREGROUND,False
1557974205647,카카오톡,com.kakao.talk,False,MOVE_TO_BACKGROUND,False
1557974206165,카카오톡,com.kakao.talk,False,MOVE_TO_FOREGROUND,False
1557974211723,카카오톡,com.kakao.talk,False,MOVE_TO_BACKGROUND,False
1557974211762,카카오톡,com.kakao.talk,False,MOVE_TO_FOREGROUND,False
1557974215454,카카오톡,com.kakao.talk,False,MOVE_TO_BACKGROUND,False
1557974215533,카카오톡,com.kakao.talk,False,MOVE_TO_FOREGROUND,False
1557974229298,카카오톡,com.kakao.talk,False,MOVE_TO_BACKGROUND,False
1557974229451,기본홈(홈&앱서랍),com.lge.launcher2,False,MOVE_TO_FOREGROUND,False
1557974230413,기본홈(홈&앱서랍),com.lge.launcher2,False,MOVE_TO_BACKGROUND,False
1557974230597,주소록,com.android.contacts,True,MOVE_TO_FOREGROUND,False
1557974241342,주소록,com.android.contacts,True,MOVE_TO_BACKGROUND,False
1557974241380,통화 관리,com.android.server.telecom,True,MOVE_TO_FOREGROUND,False
1557974241878,통화 관리,com.android.server.telecom,True,MOVE_TO_BACKGROUND,False
1557974242395,주소록,com.android.contacts,True,MOVE_TO_FOREGROUND,False
1557974243084,주소록,com.android.contacts,True,MOVE_TO_BACKGROUND,False
1557974243476,통화 화면,com.android.incallui,True,MOVE_TO_FOREGROUND,False
1557974247096,통화 화면,com.android.incallui,True,MOVE_TO_BACKGROUND,False
1557974247291,기본홈(홈&앱서랍),com.lge.launcher2,False,MOVE_TO_FOREGROUND,False
1557974249017,기본홈(홈&앱서랍),com.lge.launcher2,False,MOVE_TO_BACKGROUND,False
1557974353999,기본홈(홈&앱서랍),com.lge.launcher2,False,MOVE_TO_FOREGROUND,False
1557974355483,기본홈(홈&앱서랍),com.lge.launcher2,False,MOVE_TO_BACKGROUND,False
1557974365031,해피스크린,kr.co.happymobile.happyscreen,False,MOVE_TO_BACKGROUND,False
1557974365032,해피스크린,kr.co.happymobile.happyscreen,False,MOVE_TO_FOREGROUND,False
1557974365433,해피스크린,kr.co.happymobile.happyscreen,False,MOVE_TO_FOREGROUND,False
1557974368211,해피스크린,kr.co.happymobile.happyscreen,False,MOVE_TO_BACKGROUND,False
1557974368773,기본홈(홈&앱서랍),com.lge.launcher2,False,MOVE_TO_FOREGROUND,False
1557974370091,기본홈(홈&앱서랍),com.lge.launcher2,False,MOVE_TO_BACKGROUND,False
1557974370146,카카오톡,com.kakao.talk,False,MOVE_TO_FOREGROUND,False
1557974370285,카카오톡,com.kakao.talk,False,MOVE_TO_BACKGROUND,False
1557974370649,카카오톡,com.kakao.talk,False,MOVE_TO_FOREGROUND,False
1557974373584,카카오톡,com.kakao.talk,False,MOVE_TO_BACKGROUND,False
1557974373612,카카오톡,com.kakao.talk,False,MOVE_TO_FOREGROUND,False
1557974431776,카카오톡,com.kakao.talk,False,MOVE_TO_BACKGROUND,False
1557974432090,카카오톡,com.kakao.talk,False,MOVE_TO_FOREGROUND,False
1557974434286,카카오톡,com.kakao.talk,False,MOVE_TO_BACKGROUND,False
1557974436300,해피스크린,kr.co.happymobile.happyscreen,False,MOVE_TO_FOREGROUND,False
1557974882396,해피스크린,kr.co.happymobile.happyscreen,False,MOVE_TO_FOREGROUND,False
1557974886376,해피스크린,kr.co.happymobile.happyscreen,False,MOVE_TO_BACKGROUND,False
1557974886805,카카오톡,com.kakao.talk,False,MOVE_TO_FOREGROUND,False
1557974887004,카카오톡,com.kakao.talk,False,MOVE_TO_BACKGROUND,False
1557974887524,카카오톡,com.kakao.talk,False,MOVE_TO_FOREGROUND,False
1557974892526,카카오톡,com.kakao.talk,False,USER_INTERACTION,False
1557974897842,카카오톡,com.kakao.talk,False,MOVE_TO_BACKGROUND,False
1557974898048,기본홈(홈&앱서랍),com.lge.launcher2,False,MOVE_TO_FOREGROUND,False
1557974900218,기본홈(홈&앱서랍),com.lge.launcher2,False,MOVE_TO_BACKGROUND,False
1557974900267,카카오톡,com.kakao.talk,False,MOVE_TO_FOREGROUND,False
1557974901705,카카오톡,com.kakao.talk,False,MOVE_TO_BACKGROUND,False
1557974901760,카카오톡,com.kakao.talk,False,MOVE_TO_FOREGROUND,False
1557974905062,카카오톡,com.kakao.talk,False,MOVE_TO_BACKGROUND,False
1557974905102,카카오톡,com.kakao.talk,False,MOVE_TO_FOREGROUND,False
1557974907304,카카오톡,com.kakao.talk,False,MOVE_TO_BACKGROUND,False
1557974907352,카카오톡,com.kakao.talk,False,MOVE_TO_FOREGROUND,False
1557974909152,카카오톡,com.kakao.talk,False,MOVE_TO_BACKGROUND,False
1557974909242,카카오톡,com.kakao.talk,False,MOVE_TO_FOREGROUND,False
1557974929088,카카오톡,com.kakao.talk,False,MOVE_TO_BACKGROUND,False
1557974929137,카카오톡,com.kakao.talk,False,MOVE_TO_FOREGROUND,False
1557974954107,카카오톡,com.kakao.talk,False,MOVE_TO_BACKGROUND,False
1557974954603,기본홈(홈&앱서랍),com.lge.launcher2,False,MOVE_TO_FOREGROUND,False
1557974961849,기본홈(홈&앱서랍),com.lge.launcher2,False,MOVE_TO_BACKGROUND,False
1557974961920,접근성,com.android.settingsaccessibility,True,MOVE_TO_FOREGROUND,False
1557974965495,접근성,com.android.settingsaccessibility,True,MOVE_TO_BACKGROUND,False
1557974965666,기본홈(홈&앱서랍),com.lge.launcher2,False,MOVE_TO_FOREGROUND,False
1557974968032,기본홈(홈&앱서랍),com.lge.launcher2,False,MOVE_TO_BACKGROUND,False
1557974968397,갤러리,com.android.gallery3d,True,MOVE_TO_FOREGROUND,False
1557974997735,갤러리,com.android.gallery3d,True,MOVE_TO_BACKGROUND,False
1557974999088,해피스크린,kr.co.happymobile.happyscreen,False,MOVE_TO_FOREGROUND,False
1557974999089,해피스크린,kr.co.happymobile.happyscreen,False,MOVE_TO_BACKGROUND,False
1557974999449,해피스크린,kr.co.happymobile.happyscreen,False,MOVE_TO_FOREGROUND,False
1557975003689,해피스크린,kr.co.happymobile.happyscreen,False,MOVE_TO_BACKGROUND,False
1557975004927,해피스크린,kr.co.happymobile.happyscreen,False,MOVE_TO_FOREGROUND,False
1557975005157,Dropsync,com.ttxapps.dropsync,False,USER_INTERACTION,False
1557975010029,해피스크린,kr.co.happymobile.happyscreen,False,MOVE_TO_BACKGROUND,False
1557975011508,해피스크린,kr.co.happymobile.happyscreen,False,MOVE_TO_BACKGROUND,False
1557975011509,해피스크린,kr.co.happymobile.happyscreen,False,MOVE_TO_FOREGROUND,False
1557975343705,해피스크린,kr.co.happymobile.happyscreen,False,MOVE_TO_FOREGROUND,False
1557975345772,카카오톡,com.kakao.talk,False,USER_INTERACTION,False
1557975346272,Google Play 스토어,com.android.vending,True,USER_INTERACTION,True
1557975349020,해피스크린,kr.co.happymobile.happyscreen,False,MOVE_TO_BACKGROUND,False
1557975349132,기본홈(홈&앱서랍),com.lge.launcher2,False,MOVE_TO_FOREGROUND,False
1557975350127,기본홈(홈&앱서랍),com.lge.launcher2,False,MOVE_TO_BACKGROUND,False
1557975350165,카카오톡,com.kakao.talk,False,MOVE_TO_FOREGROUND,False
1557975353014,카카오톡,com.kakao.talk,False,MOVE_TO_BACKGROUND,False
1557975353355,카카오톡,com.kakao.talk,False,MOVE_TO_FOREGROUND,False
1557975355624,카카오톡,com.kakao.talk,False,MOVE_TO_BACKGROUND,False
1557975355644,카카오톡,com.kakao.talk,False,MOVE_TO_FOREGROUND,False
1557975357750,카카오톡,com.kakao.talk,False,MOVE_TO_BACKGROUND,False
1557975357771,카카오톡,com.kakao.talk,False,MOVE_TO_FOREGROUND,False
1557975365557,카카오톡,com.kakao.talk,False,MOVE_TO_BACKGROUND,False
1557975365567,카카오톡,com.kakao.talk,False,MOVE_TO_FOREGROUND,False
1557975366672,카카오톡,com.kakao.talk,False,MOVE_TO_BACKGROUND,False
1557975366701,카카오톡,com.kakao.talk,False,MOVE_TO_FOREGROUND,False
1557975378203,카카오톡,com.kakao.talk,False,MOVE_TO_BACKGROUND,False
1557975378217,카카오톡,com.kakao.talk,False,MOVE_TO_FOREGROUND,False
1557975379504,카카오톡,com.kakao.talk,False,MOVE_TO_BACKGROUND,False
1557975380669,해피스크린,kr.co.happymobile.happyscreen,False,MOVE_TO_FOREGROUND,False
1557975697331,해피스크린,kr.co.happymobile.happyscreen,False,MOVE_TO_FOREGROUND,False
1557975699372,점신,handasoft.mobile.divination,False,USER_INTERACTION,False
1557975700586,지도,com.google.android.apps.maps,True,USER_INTERACTION,True
1557975702520,해피스크린,kr.co.happymobile.happyscreen,False,MOVE_TO_BACKGROUND,False
1557975702631,카카오톡,com.kakao.talk,False,MOVE_TO_FOREGROUND,False
1557975702878,카카오톡,com.kakao.talk,False,MOVE_TO_BACKGROUND,False
1557975703267,카카오톡,com.kakao.talk,False,MOVE_TO_FOREGROUND,False
1557975704716,카카오톡,com.kakao.talk,False,MOVE_TO_BACKGROUND,False
1557975704782,기본홈(홈&앱서랍),com.lge.launcher2,False,MOVE_TO_FOREGROUND,False
1557975705897,기본홈(홈&앱서랍),com.lge.launcher2,False,MOVE_TO_BACKGROUND,False
1557975705920,카카오톡,com.kakao.talk,False,MOVE_TO_FOREGROUND,False
1557975709928,카카오톡,com.kakao.talk,False,MOVE_TO_BACKGROUND,False
1557975710160,카카오톡,com.kakao.talk,False,MOVE_TO_FOREGROUND,False
1557975712586,카카오톡,com.kakao.talk,False,MOVE_TO_BACKGROUND,False
1557975712687,카카오톡,com.kakao.talk,False,MOVE_TO_FOREGROUND,False
1557975713998,카카오톡,com.kakao.talk,False,MOVE_TO_BACKGROUND,False
1557975714012,카카오톡,com.kakao.talk,False,MOVE_TO_FOREGROUND,False
1557975715467,호텔나우,com.hotelnow,False,USER_INTERACTION,False
1557975717605,ABC Logger,kaist.iclab.abclogger,False,USER_INTERACTION,False
1557975720369,지도,com.google.android.apps.maps,True,USER_INTERACTION,True
1557975725855,카카오톡,com.kakao.talk,False,MOVE_TO_BACKGROUND,False
1557975727321,해피스크린,kr.co.happymobile.happyscreen,False,MOVE_TO_BACKGROUND,False
1557975864677,해피스크린,kr.co.happymobile.happyscreen,False,MOVE_TO_FOREGROUND,False
1557975866003,해피스크린,kr.co.happymobile.happyscreen,False,MOVE_TO_BACKGROUND,False
1557975866119,카카오톡,com.kakao.talk,False,MOVE_TO_FOREGROUND,False
1557975866345,카카오톡,com.kakao.talk,False,MOVE_TO_BACKGROUND,False
1557975866747,카카오톡,com.kakao.talk,False,MOVE_TO_FOREGROUND,False
1557975867714,Paco,com.pacoapp.paco,False,USER_INTERACTION,False
1557975868214,카카오톡,com.kakao.talk,False,USER_INTERACTION,False
1557975870439,카카오톡,com.kakao.talk,False,MOVE_TO_BACKGROUND,False
1557975870519,기본홈(홈&앱서랍),com.lge.launcher2,False,MOVE_TO_FOREGROUND,False
1557975871362,기본홈(홈&앱서랍),com.lge.launcher2,False,MOVE_TO_BACKGROUND,False
1557975871449,주소록,com.android.contacts,True,MOVE_TO_FOREGROUND,False
1557975874368,주소록,com.android.contacts,True,MOVE_TO_BACKGROUND,False
1557975874402,통화 관리,com.android.server.telecom,True,MOVE_TO_FOREGROUND,False
1557975874473,통화 관리,com.android.server.telecom,True,MOVE_TO_BACKGROUND,False
1557975874719,통화 화면,com.android.incallui,True,MOVE_TO_FOREGROUND,False
1557975909587,통화 화면,com.android.incallui,True,MOVE_TO_BACKGROUND,False
1557975910637,해피스크린,kr.co.happymobile.happyscreen,False,MOVE_TO_FOREGROUND,False
1557975910638,해피스크린,kr.co.happymobile.happyscreen,False,MOVE_TO_BACKGROUND,False
1557976255437,해피스크린,kr.co.happymobile.happyscreen,False,MOVE_TO_FOREGROUND,False
1557976256932,해피스크린,kr.co.happymobile.happyscreen,False,MOVE_TO_BACKGROUND,False
1557976257048,주소록,com.android.contacts,True,MOVE_TO_FOREGROUND,False
1557976257878,카카오뱅크,com.kakaobank.channel,False,USER_INTERACTION,False
1557976259023,주소록,com.android.contacts,True,MOVE_TO_BACKGROUND,False
1557976259119,Paco,com.pacoapp.paco,False,MOVE_TO_FOREGROUND,False
1557976318938,Paco,com.pacoapp.paco,False,MOVE_TO_BACKGROUND,False
1557976318982,Paco,com.pacoapp.paco,False,MOVE_TO_FOREGROUND,False
1557976322438,Paco,com.pacoapp.paco,False,MOVE_TO_BACKGROUND,False
1557976323626,해피스크린,kr.co.happymobile.happyscreen,False,MOVE_TO_FOREGROUND,False
1557976323627,해피스크린,kr.co.happymobile.happyscreen,False,MOVE_TO_BACKGROUND,False
1557976708274,해피스크린,kr.co.happymobile.happyscreen,False,MOVE_TO_FOREGROUND,False
1557976710260,쏘카,socar.Socar,False,USER_INTERACTION,False
1557976769921,해피스크린,kr.co.happymobile.happyscreen,False,MOVE_TO_BACKGROUND,False
1557976771277,해피스크린,kr.co.happymobile.happyscreen,False,MOVE_TO_FOREGROUND,False
1557977359012,해피스크린,kr.co.happymobile.happyscreen,False,MOVE_TO_FOREGROUND,False
1557977360188,해피스크린,kr.co.happymobile.happyscreen,False,MOVE_TO_BACKGROUND,False
1557977360441,기본홈(홈&앱서랍),com.lge.launcher2,False,MOVE_TO_FOREGROUND,False
1557977366520,기본홈(홈&앱서랍),com.lge.launcher2,False,MOVE_TO_BACKGROUND,False
1557977366769,밥대생,kr.ac.kaist.bab,False,MOVE_TO_FOREGROUND,False
1557977369334,밥대생,kr.ac.kaist.bab,False,MOVE_TO_BACKGROUND,False
1557977369466,밥대생,kr.ac.kaist.bab,False,MOVE_TO_FOREGROUND,False
1557977369591,위메프,com.wemakeprice,False,USER_INTERACTION,False
1557977371666,ABC Logger,kaist.iclab.abclogger,False,USER_INTERACTION,False
1557977372677,카카오톡,com.kakao.talk,False,USER_INTERACTION,False
1557977385416,밥대생,kr.ac.kaist.bab,False,MOVE_TO_BACKGROUND,False
1557977385443,밥대생,kr.ac.kaist.bab,False,MOVE_TO_FOREGROUND,False
1557977402912,밥대생,kr.ac.kaist.bab,False,MOVE_TO_BACKGROUND,False
1557977402929,밥대생,kr.ac.kaist.bab,False,MOVE_TO_FOREGROUND,False
1557977405325,밥대생,kr.ac.kaist.bab,False,MOVE_TO_BACKGROUND,False
1557977405334,밥대생,kr.ac.kaist.bab,False,MOVE_TO_FOREGROUND,False
1557977424541,밥대생,kr.ac.kaist.bab,False,MOVE_TO_BACKGROUND,False
1557977424550,밥대생,kr.ac.kaist.bab,False,MOVE_TO_FOREGROUND,False
1557977425269,밥대생,kr.ac.kaist.bab,False,MOVE_TO_BACKGROUND,False
1557977426436,해피스크린,kr.co.happymobile.happyscreen,False,MOVE_TO_FOREGROUND,False
1557978151510,해피스크린,kr.co.happymobile.happyscreen,False,MOVE_TO_FOREGROUND,False
1557978153677,ABC Logger,kaist.iclab.abclogger,False,USER_INTERACTION,False
1557978157366,해피스크린,kr.co.happymobile.happyscreen,False,MOVE_TO_BACKGROUND,False
1557978157541,밥대생,kr.ac.kaist.bab,False,MOVE_TO_FOREGROUND,False
1557978159433,밥대생,kr.ac.kaist.bab,False,MOVE_TO_BACKGROUND,False
1557978159796,기본홈(홈&앱서랍),com.lge.launcher2,False,MOVE_TO_FOREGROUND,False
1557978161933,기본홈(홈&앱서랍),com.lge.launcher2,False,MOVE_TO_BACKGROUND,False
1557978164343,해피스크린,kr.co.happymobile.happyscreen,False,MOVE_TO_FOREGROUND,False
1557978164350,해피스크린,kr.co.happymobile.happyscreen,False,MOVE_TO_BACKGROUND,False
1557978541662,해피스크린,kr.co.happymobile.happyscreen,False,MOVE_TO_FOREGROUND,False
1557978544768,메시지,com.android.mms,True,USER_INTERACTION,False
1557978545268,카카오뱅크,com.kakaobank.channel,False,USER_INTERACTION,False
1557978545831,메시지,com.android.mms,True,USER_INTERACTION,False
1557978547967,해피스크린,kr.co.happymobile.happyscreen,False,MOVE_TO_BACKGROUND,False
1557978549174,해피스크린,kr.co.happymobile.happyscreen,False,MOVE_TO_BACKGROUND,False
1557978549175,해피스크린,kr.co.happymobile.happyscreen,False,MOVE_TO_FOREGROUND,False
1557980248662,해피스크린,kr.co.happymobile.happyscreen,False,MOVE_TO_FOREGROUND,False
1557980252233,ABC Logger,kaist.iclab.abclogger,False,USER_INTERACTION,False
1557980255412,해피스크린,kr.co.happymobile.happyscreen,False,MOVE_TO_BACKGROUND,False
1557980255653,기본홈(홈&앱서랍),com.lge.launcher2,False,MOVE_TO_FOREGROUND,False
1557980256903,기본홈(홈&앱서랍),com.lge.launcher2,False,MOVE_TO_BACKGROUND,False
1557980258159,해피스크린,kr.co.happymobile.happyscreen,False,MOVE_TO_BACKGROUND,False
1557981180238,해피스크린,kr.co.happymobile.happyscreen,False,MOVE_TO_FOREGROUND,False
1557981183885,해피스크린,kr.co.happymobile.happyscreen,False,MOVE_TO_BACKGROUND,False
1557981184170,기본홈(홈&앱서랍),com.lge.launcher2,False,MOVE_TO_FOREGROUND,False
1557981186506,카카오톡,com.kakao.talk,False,USER_INTERACTION,False
1557981187000,ABC Logger,kaist.iclab.abclogger,False,USER_INTERACTION,False
1557981191900,기본홈(홈&앱서랍),com.lge.launcher2,False,MOVE_TO_BACKGROUND,False
1557981191992,Paco,com.pacoapp.paco,False,MOVE_TO_FOREGROUND,False
1557981193409,카카오톡,com.kakao.talk,False,USER_INTERACTION,False
1557981196588,Paco,com.pacoapp.paco,False,MOVE_TO_BACKGROUND,False
1557981196609,Paco,com.pacoapp.paco,False,MOVE_TO_FOREGROUND,False
1557981201152,Paco,com.pacoapp.paco,False,MOVE_TO_BACKGROUND,False
1557981201196,Paco,com.pacoapp.paco,False,MOVE_TO_FOREGROUND,False
1557981206305,Paco,com.pacoapp.paco,False,MOVE_TO_BACKGROUND,False
1557981206343,Paco,com.pacoapp.paco,False,MOVE_TO_FOREGROUND,False
1557981212210,Paco,com.pacoapp.paco,False,MOVE_TO_BACKGROUND,False
1557981212224,Paco,com.pacoapp.paco,False,MOVE_TO_FOREGROUND,False
1557981217199,Paco,com.pacoapp.paco,False,MOVE_TO_BACKGROUND,False
1557981218423,해피스크린,kr.co.happymobile.happyscreen,False,MOVE_TO_FOREGROUND,False
1557981218426,해피스크린,kr.co.happymobile.happyscreen,False,MOVE_TO_BACKGROUND,False
1557981219940,해피스크린,kr.co.happymobile.happyscreen,False,MOVE_TO_FOREGROUND,False
1557981221614,해피스크린,kr.co.happymobile.happyscreen,False,MOVE_TO_BACKGROUND,False
1557981221819,Paco,com.pacoapp.paco,False,MOVE_TO_FOREGROUND,False
1557981238170,Paco,com.pacoapp.paco,False,MOVE_TO_BACKGROUND,False
1557981238218,Paco,com.pacoapp.paco,False,MOVE_TO_FOREGROUND,False
1557981240119,Paco,com.pacoapp.paco,False,MOVE_TO_BACKGROUND,False
1557981240172,기본홈(홈&앱서랍),com.lge.launcher2,False,MOVE_TO_FOREGROUND,False
1557981240827,기본홈(홈&앱서랍),com.lge.launcher2,False,MOVE_TO_BACKGROUND,False
1557981245111,해피스크린,kr.co.happymobile.happyscreen,False,MOVE_TO_FOREGROUND,False
1557981245118,해피스크린,kr.co.happymobile.happyscreen,False,MOVE_TO_BACKGROUND,False
1557981324565,해피스크린,kr.co.happymobile.happyscreen,False,MOVE_TO_FOREGROUND,False
1557981326248,해피스크린,kr.co.happymobile.happyscreen,False,MOVE_TO_BACKGROUND,False
1557981327906,해피스크린,kr.co.happymobile.happyscreen,False,MOVE_TO_FOREGROUND,False
1557981690799,CLiP,com.kt.android.showtouch,True,MOVE_TO_FOREGROUND,True
1557981690800,CLiP,com.kt.android.showtouch,True,MOVE_TO_BACKGROUND,True
1557982093307,CLiP,com.kt.android.showtouch,True,MOVE_TO_FOREGROUND,True
1557982093872,Paco,com.pacoapp.paco,False,USER_INTERACTION,False
1557982096062,CLiP,com.kt.android.showtouch,True,MOVE_TO_BACKGROUND,True
1557982096240,해피스크린,kr.co.happymobile.happyscreen,False,MOVE_TO_FOREGROUND,False
1557982097804,ABC Logger,kaist.iclab.abclogger,False,USER_INTERACTION,False
1557982098682,해피스크린,kr.co.happymobile.happyscreen,False,MOVE_TO_BACKGROUND,False
1557982098863,Paco,com.pacoapp.paco,False,MOVE_TO_FOREGROUND,False
1557982124672,Paco,com.pacoapp.paco,False,MOVE_TO_BACKGROUND,False
1557982124715,Paco,com.pacoapp.paco,False,MOVE_TO_FOREGROUND,False
1557982127284,Paco,com.pacoapp.paco,False,MOVE_TO_BACKGROUND,False
1557982127301,Paco,com.pacoapp.paco,False,MOVE_TO_FOREGROUND,False
1557982128927,Paco,com.pacoapp.paco,False,MOVE_TO_BACKGROUND,False
1557982129070,기본홈(홈&앱서랍),com.lge.launcher2,False,MOVE_TO_FOREGROUND,False
1557982130264,기본홈(홈&앱서랍),com.lge.launcher2,False,MOVE_TO_BACKGROUND,False
1557982133872,해피스크린,kr.co.happymobile.happyscreen,False,MOVE_TO_FOREGROUND,False
1557982178645,해피스크린,kr.co.happymobile.happyscreen,False,MOVE_TO_FOREGROUND,False
1557982179923,해피스크린,kr.co.happymobile.happyscreen,False,MOVE_TO_BACKGROUND,False
1557982180207,기본홈(홈&앱서랍),com.lge.launcher2,False,MOVE_TO_FOREGROUND,False
1557982181630,기본홈(홈&앱서랍),com.lge.launcher2,False,MOVE_TO_BACKGROUND,False
1557982181687,카카오톡,com.kakao.talk,False,MOVE_TO_FOREGROUND,False
1557982182926,카카오톡,com.kakao.talk,False,MOVE_TO_BACKGROUND,False
1557982182949,카카오톡,com.kakao.talk,False,MOVE_TO_FOREGROUND,False
1557982185153,카카오톡,com.kakao.talk,False,MOVE_TO_BACKGROUND,False
1557982185242,카카오톡,com.kakao.talk,False,MOVE_TO_FOREGROUND,False
1557982216859,카카오톡,com.kakao.talk,False,MOVE_TO_BACKGROUND,False
1557982216926,카카오톡,com.kakao.talk,False,MOVE_TO_FOREGROUND,False
1557982228699,카카오톡,com.kakao.talk,False,MOVE_TO_BACKGROUND,False
1557982228729,카카오톡,com.kakao.talk,False,MOVE_TO_FOREGROUND,False
1557982274350,카카오톡,com.kakao.talk,False,MOVE_TO_BACKGROUND,False
1557982274385,카카오톡,com.kakao.talk,False,MOVE_TO_FOREGROUND,False
1557982286035,카카오톡,com.kakao.talk,False,MOVE_TO_BACKGROUND,False
1557982286053,카카오톡,com.kakao.talk,False,MOVE_TO_FOREGROUND,False
1557982288257,카카오톡,com.kakao.talk,False,MOVE_TO_BACKGROUND,False
1557982288288,카카오톡,com.kakao.talk,False,MOVE_TO_FOREGROUND,False
1557982290007,카카오톡,com.kakao.talk,False,MOVE_TO_BACKGROUND,False
1557982291186,해피스크린,kr.co.happymobile.happyscreen,False,MOVE_TO_FOREGROUND,False
1557982514169,해피스크린,kr.co.happymobile.happyscreen,False,MOVE_TO_FOREGROUND,False
1557982518105,해피스크린,kr.co.happymobile.happyscreen,False,MOVE_TO_BACKGROUND,False
1557982518675,기본홈(홈&앱서랍),com.lge.launcher2,False,MOVE_TO_FOREGROUND,False
1557982519677,카카오톡,com.kakao.talk,False,USER_INTERACTION,False
1557982522160,카카오톡,com.kakao.talk,False,USER_INTERACTION,False
1557982523170,Google Play 스토어,com.android.vending,True,USER_INTERACTION,True
1557982524627,기본홈(홈&앱서랍),com.lge.launcher2,False,MOVE_TO_BACKGROUND,False
1557982524703,카카오톡,com.kakao.talk,False,MOVE_TO_FOREGROUND,False
1557982525484,카카오톡,com.kakao.talk,False,MOVE_TO_BACKGROUND,False
1557982526012,카카오톡,com.kakao.talk,False,MOVE_TO_FOREGROUND,False
1557982532636,카카오톡,com.kakao.talk,False,MOVE_TO_BACKGROUND,False
1557982532681,카카오톡,com.kakao.talk,False,MOVE_TO_FOREGROUND,False
1557982533966,카카오톡,com.kakao.talk,False,MOVE_TO_BACKGROUND,False
1557982534014,카카오톡,com.kakao.talk,False,MOVE_TO_FOREGROUND,False
1557982552493,카카오톡,com.kakao.talk,False,MOVE_TO_BACKGROUND,False
1557982552554,카카오톡,com.kakao.talk,False,MOVE_TO_FOREGROUND,False
1557982555822,카카오톡,com.kakao.talk,False,MOVE_TO_BACKGROUND,False
1557982556026,기본홈(홈&앱서랍),com.lge.launcher2,False,MOVE_TO_FOREGROUND,False
1557982558337,기본홈(홈&앱서랍),com.lge.launcher2,False,MOVE_TO_BACKGROUND,False
1557982558408,Google Play 스토어,com.android.vending,True,MOVE_TO_FOREGROUND,True
1557982574329,Google Play 스토어,com.android.vending,True,MOVE_TO_BACKGROUND,True
1557982574500,기본홈(홈&앱서랍),com.lge.launcher2,False,MOVE_TO_FOREGROUND,False
1557982577570,기본홈(홈&앱서랍),com.lge.launcher2,False,MOVE_TO_BACKGROUND,False
1557982577647,Polar Beat,fi.polar.beat,False,MOVE_TO_FOREGROUND,False
1557982579516,Polar Beat,fi.polar.beat,False,MOVE_TO_BACKGROUND,False
1557982579592,Polar Beat,fi.polar.beat,False,MOVE_TO_FOREGROUND,False
1557982581220,Polar Beat,fi.polar.beat,False,MOVE_TO_BACKGROUND,False
1557982581487,Polar Beat,fi.polar.beat,False,MOVE_TO_FOREGROUND,False
1557982741663,Polar Beat,fi.polar.beat,False,MOVE_TO_BACKGROUND,False
1557982741992,기본홈(홈&앱서랍),com.lge.launcher2,False,MOVE_TO_FOREGROUND,False
1557982743488,Google Play 스토어,com.android.vending,True,USER_INTERACTION,True
1557982749972,기본홈(홈&앱서랍),com.lge.launcher2,False,MOVE_TO_BACKGROUND,False
1557982750128,Google Play 스토어,com.android.vending,True,MOVE_TO_FOREGROUND,True
1557982762301,Google Play 스토어,com.android.vending,True,MOVE_TO_BACKGROUND,True
1557982762710,기본홈(홈&앱서랍),com.lge.launcher2,False,MOVE_TO_FOREGROUND,False
1557982766390,기본홈(홈&앱서랍),com.lge.launcher2,False,MOVE_TO_BACKGROUND,False
1557982766468,설정,com.android.settings,True,MOVE_TO_FOREGROUND,False
1557982788424,설정,com.android.settings,True,MOVE_TO_BACKGROUND,False
1557982788544,설정,com.android.settings,True,MOVE_TO_FOREGROUND,False
1557982794968,설정,com.android.settings,True,MOVE_TO_BACKGROUND,False
1557982795062,설정,com.android.settings,True,MOVE_TO_FOREGROUND,False
1557982813158,설정,com.android.settings,True,MOVE_TO_BACKGROUND,False
1557982813315,패키지 설치 프로그램,com.google.android.packageinstaller,True,MOVE_TO_FOREGROUND,False
1557982816800,패키지 설치 프로그램,com.google.android.packageinstaller,True,MOVE_TO_BACKGROUND,False
1557982816850,설정,com.android.settings,True,MOVE_TO_FOREGROUND,False
1557982818946,설정,com.android.settings,True,MOVE_TO_BACKGROUND,False
1557982819014,설정,com.android.settings,True,MOVE_TO_FOREGROUND,False
1557982820861,설정,com.android.settings,True,MOVE_TO_BACKGROUND,False
1557982821051,시스템 UI,com.android.systemui,True,MOVE_TO_FOREGROUND,False
1557982823513,시스템 UI,com.android.systemui,True,MOVE_TO_BACKGROUND,False
1557982823596,Google Play 스토어,com.android.vending,True,MOVE_TO_FOREGROUND,True
1557982900681,Google Play 스토어,com.android.vending,True,MOVE_TO_BACKGROUND,True
1557982901058,기본홈(홈&앱서랍),com.lge.launcher2,False,MOVE_TO_FOREGROUND,False
1557982916757,기본홈(홈&앱서랍),com.lge.launcher2,False,MOVE_TO_BACKGROUND,False
1557982917317,메시지,com.android.mms,True,MOVE_TO_FOREGROUND,False
1557982922069,메시지,com.android.mms,True,MOVE_TO_BACKGROUND,False
1557982922138,메시지,com.android.mms,True,MOVE_TO_FOREGROUND,False
1557982950415,카카오톡,com.kakao.talk,False,USER_INTERACTION,False
1557982952552,메시지,com.android.mms,True,MOVE_TO_BACKGROUND,False
1557982952898,기본홈(홈&앱서랍),com.lge.launcher2,False,MOVE_TO_FOREGROUND,False
1557982954726,기본홈(홈&앱서랍),com.lge.launcher2,False,MOVE_TO_BACKGROUND,False
1557982957429,해피스크린,kr.co.happymobile.happyscreen,False,MOVE_TO_FOREGROUND,False
1557982957469,해피스크린,kr.co.happymobile.happyscreen,False,MOVE_TO_BACKGROUND,False
1557982975528,해피스크린,kr.co.happymobile.happyscreen,False,MOVE_TO_FOREGROUND,False
1557982983735,해피스크린,kr.co.happymobile.happyscreen,False,MOVE_TO_BACKGROUND,False
1557982985480,해피스크린,kr.co.happymobile.happyscreen,False,MOVE_TO_BACKGROUND,False
1557982985482,해피스크린,kr.co.happymobile.happyscreen,False,MOVE_TO_FOREGROUND,False
1557983238565,해피스크린,kr.co.happymobile.happyscreen,False,MOVE_TO_FOREGROUND,False
1557983238573,해피스크린,kr.co.happymobile.happyscreen,False,MOVE_TO_BACKGROUND,False
1557983441957,기본홈(홈&앱서랍),com.lge.launcher2,False,MOVE_TO_FOREGROUND,False
1557983442761,Dropsync,com.ttxapps.dropsync,False,USER_INTERACTION,False
1557983445038,기본홈(홈&앱서랍),com.lge.launcher2,False,MOVE_TO_BACKGROUND,False
1557983445288,메시지,com.android.mms,True,MOVE_TO_FOREGROUND,False
1557983452441,카카오톡,com.kakao.talk,False,USER_INTERACTION,False
1557983452442,카카오톡,com.kakao.talk,False,USER_INTERACTION,False
1557983454051,메시지,com.android.mms,True,USER_INTERACTION,False
1557983456928,Google Play 스토어,com.android.vending,True,USER_INTERACTION,True
1557983460355,ABC Logger,kaist.iclab.abclogger,False,USER_INTERACTION,False
1557983472991,메시지,com.android.mms,True,MOVE_TO_BACKGROUND,False
1557983473153,메시지,com.android.mms,True,MOVE_TO_FOREGROUND,False
1557983475783,메시지,com.android.mms,True,MOVE_TO_BACKGROUND,False
1557983475824,메시지,com.android.mms,True,MOVE_TO_FOREGROUND,False
1557983477918,메시지,com.android.mms,True,MOVE_TO_BACKGROUND,False
1557983478445,메시지,com.android.mms,True,MOVE_TO_FOREGROUND,False
1557983483203,메시지,com.android.mms,True,MOVE_TO_BACKGROUND,False
1557983483246,Google,com.google.android.googlequicksearchbox,True,MOVE_TO_FOREGROUND,True
1557983487525,Google,com.google.android.googlequicksearchbox,True,MOVE_TO_BACKGROUND,True
1557983488453,기본홈(홈&앱서랍),com.lge.launcher2,False,MOVE_TO_FOREGROUND,False
1557983488462,기본홈(홈&앱서랍),com.lge.launcher2,False,MOVE_TO_BACKGROUND,False
1557983490519,기본홈(홈&앱서랍),com.lge.launcher2,False,MOVE_TO_FOREGROUND,False
1557983492251,기본홈(홈&앱서랍),com.lge.launcher2,False,MOVE_TO_BACKGROUND,False
1557983492473,해피스크린,kr.co.happymobile.happyscreen,False,MOVE_TO_FOREGROUND,False
1557983492482,해피스크린,kr.co.happymobile.happyscreen,False,MOVE_TO_BACKGROUND,False
1557983496304,해피스크린,kr.co.happymobile.happyscreen,False,MOVE_TO_FOREGROUND,False
1557983502361,해피스크린,kr.co.happymobile.happyscreen,False,MOVE_TO_BACKGROUND,False
1557983503571,해피스크린,kr.co.happymobile.happyscreen,False,MOVE_TO_BACKGROUND,False
1557983503572,해피스크린,kr.co.happymobile.happyscreen,False,MOVE_TO_FOREGROUND,False
1557983636416,해피스크린,kr.co.happymobile.happyscreen,False,MOVE_TO_FOREGROUND,False
1557983638526,CJ ONE,kr.co.ivlog.mobile.app.cjonecard,False,USER_INTERACTION,False
1557983641743,Google Play 스토어,com.android.vending,True,USER_INTERACTION,True
1557983944923,해피스크린,kr.co.happymobile.happyscreen,False,MOVE_TO_BACKGROUND,False
1557983946483,해피스크린,kr.co.happymobile.happyscreen,False,MOVE_TO_BACKGROUND,False
1557983946485,해피스크린,kr.co.happymobile.happyscreen,False,MOVE_TO_FOREGROUND,False
1557984250684,해피스크린,kr.co.happymobile.happyscreen,False,MOVE_TO_FOREGROUND,False
1557984252570,해피스크린,kr.co.happymobile.happyscreen,False,MOVE_TO_BACKGROUND,False
1557984252841,기본홈(홈&앱서랍),com.lge.launcher2,False,MOVE_TO_FOREGROUND,False
1557984255065,ABC Logger,kaist.iclab.abclogger,False,USER_INTERACTION,False
1557984259337,기본홈(홈&앱서랍),com.lge.launcher2,False,MOVE_TO_BACKGROUND,False
1557984259390,Google Play 스토어,com.android.vending,True,MOVE_TO_FOREGROUND,True
1557984273845,Google Play 스토어,com.android.vending,True,MOVE_TO_BACKGROUND,True
1557984274466,기본홈(홈&앱서랍),com.lge.launcher2,False,MOVE_TO_FOREGROUND,False
1557984276385,기본홈(홈&앱서랍),com.lge.launcher2,False,MOVE_TO_BACKGROUND,False
1557984276531,Chrome,com.android.chrome,True,MOVE_TO_FOREGROUND,True
1557984434718,Chrome,com.android.chrome,True,MOVE_TO_BACKGROUND,True
1557984435241,기본홈(홈&앱서랍),com.lge.launcher2,False,MOVE_TO_FOREGROUND,False
1557984435682,기본홈(홈&앱서랍),com.lge.launcher2,False,MOVE_TO_BACKGROUND,False
1557984439602,해피스크린,kr.co.happymobile.happyscreen,False,MOVE_TO_FOREGROUND,False
1557984439612,해피스크린,kr.co.happymobile.happyscreen,False,MOVE_TO_BACKGROUND,False
1557984621004,해피스크린,kr.co.happymobile.happyscreen,False,MOVE_TO_FOREGROUND,False
1557984622714,Paco,com.pacoapp.paco,False,USER_INTERACTION,False
1557984623226,카카오톡,com.kakao.talk,False,USER_INTERACTION,False
1557984623782,해피스크린,kr.co.happymobile.happyscreen,False,MOVE_TO_BACKGROUND,False
1557984624105,Paco,com.pacoapp.paco,False,MOVE_TO_FOREGROUND,False
1557984649718,Paco,com.pacoapp.paco,False,MOVE_TO_BACKGROUND,False
1557984649807,Paco,com.pacoapp.paco,False,MOVE_TO_FOREGROUND,False
1557984654672,Paco,com.pacoapp.paco,False,MOVE_TO_BACKGROUND,False
1557984654849,기본홈(홈&앱서랍),com.lge.launcher2,False,MOVE_TO_FOREGROUND,False
1557984655939,기본홈(홈&앱서랍),com.lge.launcher2,False,MOVE_TO_BACKGROUND,False
1557984659658,해피스크린,kr.co.happymobile.happyscreen,False,MOVE_TO_FOREGROUND,False
1557985214257,해피스크린,kr.co.happymobile.happyscreen,False,MOVE_TO_FOREGROUND,False
1557985219146,해피스크린,kr.co.happymobile.happyscreen,False,MOVE_TO_BACKGROUND,False
1557985219567,기본홈(홈&앱서랍),com.lge.launcher2,False,MOVE_TO_FOREGROUND,False
1557985221543,Dropsync,com.ttxapps.dropsync,False,USER_INTERACTION,False
1557985224215,Google Play 스토어,com.android.vending,True,USER_INTERACTION,True
1557985225540,ABC Logger,kaist.iclab.abclogger,False,USER_INTERACTION,False
1557985230569,기본홈(홈&앱서랍),com.lge.launcher2,False,MOVE_TO_BACKGROUND,False
1557985230853,카카오톡,com.kakao.talk,False,MOVE_TO_FOREGROUND,False
1557985238329,카카오톡,com.kakao.talk,False,MOVE_TO_BACKGROUND,False
1557985238876,카카오톡,com.kakao.talk,False,MOVE_TO_FOREGROUND,False
1557985243034,카카오톡,com.kakao.talk,False,MOVE_TO_BACKGROUND,False
1557985243082,카카오톡,com.kakao.talk,False,MOVE_TO_FOREGROUND,False
1557985248461,카카오톡,com.kakao.talk,False,MOVE_TO_BACKGROUND,False
1557985248529,카카오톡,com.kakao.talk,False,MOVE_TO_FOREGROUND,False
1557985253316,카카오톡,com.kakao.talk,False,MOVE_TO_BACKGROUND,False
1557985253421,카카오톡,com.kakao.talk,False,MOVE_TO_FOREGROUND,False
1557985255377,카카오톡,com.kakao.talk,False,MOVE_TO_BACKGROUND,False
1557985255443,카카오톡,com.kakao.talk,False,MOVE_TO_FOREGROUND,False
1557985257141,카카오톡,com.kakao.talk,False,MOVE_TO_BACKGROUND,False
1557985257155,카카오톡,com.kakao.talk,False,MOVE_TO_FOREGROUND,False
1557985259781,카카오톡,com.kakao.talk,False,MOVE_TO_BACKGROUND,False
1557985259869,카카오톡,com.kakao.talk,False,MOVE_TO_FOREGROUND,False
1557985261745,카카오톡,com.kakao.talk,False,MOVE_TO_BACKGROUND,False
1557985261963,카카오톡,com.kakao.talk,False,MOVE_TO_FOREGROUND,False
1557985262727,카카오톡,com.kakao.talk,False,MOVE_TO_BACKGROUND,False
1557985263268,기본홈(홈&앱서랍),com.lge.launcher2,False,MOVE_TO_FOREGROUND,False
1557985264911,기본홈(홈&앱서랍),com.lge.launcher2,False,MOVE_TO_BACKGROUND,False
1557985267665,해피스크린,kr.co.happymobile.happyscreen,False,MOVE_TO_FOREGROUND,False
1557985267689,해피스크린,kr.co.happymobile.happyscreen,False,MOVE_TO_BACKGROUND,False
1557985635838,해피스크린,kr.co.happymobile.happyscreen,False,MOVE_TO_FOREGROUND,False
1557985638501,LFmall,kr.co.lgfashion.lgfashionshop.v28,False,USER_INTERACTION,False
1557985639510,ABC Logger,kaist.iclab.abclogger,False,USER_INTERACTION,False
1557985642678,해피스크린,kr.co.happymobile.happyscreen,False,MOVE_TO_BACKGROUND,False
1557985642944,기본홈(홈&앱서랍),com.lge.launcher2,False,MOVE_TO_FOREGROUND,False
1557985647867,기본홈(홈&앱서랍),com.lge.launcher2,False,MOVE_TO_BACKGROUND,False
1557985647953,Google Play 스토어,com.android.vending,True,MOVE_TO_FOREGROUND,True
1557985672560,Google Play 스토어,com.android.vending,True,MOVE_TO_BACKGROUND,True
1557985672976,기본홈(홈&앱서랍),com.lge.launcher2,False,MOVE_TO_FOREGROUND,False
1557985674408,기본홈(홈&앱서랍),com.lge.launcher2,False,MOVE_TO_BACKGROUND,False
1557985677295,해피스크린,kr.co.happymobile.happyscreen,False,MOVE_TO_FOREGROUND,False
1557985677304,해피스크린,kr.co.happymobile.happyscreen,False,MOVE_TO_BACKGROUND,False
1557985715417,마이 케이티,com.ktshow.cs,True,MOVE_TO_FOREGROUND,True
1557985715448,마이 케이티,com.ktshow.cs,True,MOVE_TO_BACKGROUND,True
1557985719606,마이 케이티,com.ktshow.cs,True,MOVE_TO_FOREGROUND,True
1557985719856,마이 케이티,com.ktshow.cs,True,MOVE_TO_BACKGROUND,True
1557985720767,마이 케이티,com.ktshow.cs,True,MOVE_TO_FOREGROUND,True
1557985724236,마이 케이티,com.ktshow.cs,True,MOVE_TO_BACKGROUND,True
1557985724421,해피스크린,kr.co.happymobile.happyscreen,False,MOVE_TO_FOREGROUND,False
1557985734195,해피스크린,kr.co.happymobile.happyscreen,False,MOVE_TO_BACKGROUND,False
1557985735422,해피스크린,kr.co.happymobile.happyscreen,False,MOVE_TO_BACKGROUND,False
1557985735431,해피스크린,kr.co.happymobile.happyscreen,False,MOVE_TO_FOREGROUND,False
1557985827406,해피스크린,kr.co.happymobile.happyscreen,False,MOVE_TO_FOREGROUND,False
1557985836997,해피스크린,kr.co.happymobile.happyscreen,False,MOVE_TO_BACKGROUND,False
1557985838808,해피스크린,kr.co.happymobile.happyscreen,False,MOVE_TO_BACKGROUND,False
1557985838813,해피스크린,kr.co.happymobile.happyscreen,False,MOVE_TO_FOREGROUND,False
1557985876566,해피스크린,kr.co.happymobile.happyscreen,False,MOVE_TO_FOREGROUND,False
1557985879326,Google Play 스토어,com.android.vending,True,USER_INTERACTION,True
1557985886304,해피스크린,kr.co.happymobile.happyscreen,False,MOVE_TO_BACKGROUND,False
1557985887384,해피스크린,kr.co.happymobile.happyscreen,False,MOVE_TO_BACKGROUND,False
1557985887398,해피스크린,kr.co.happymobile.happyscreen,False,MOVE_TO_FOREGROUND,False
1557985898347,해피스크린,kr.co.happymobile.happyscreen,False,MOVE_TO_FOREGROUND,False
1557985900699,해피스크린,kr.co.happymobile.happyscreen,False,MOVE_TO_BACKGROUND,False
1557985901439,기본홈(홈&앱서랍),com.lge.launcher2,False,MOVE_TO_FOREGROUND,False
1557985904307,기본홈(홈&앱서랍),com.lge.launcher2,False,MOVE_TO_BACKGROUND,False
1557985904366,Facebook,com.facebook.katana,False,MOVE_TO_FOREGROUND,False
1557985913790,Facebook,com.facebook.katana,False,MOVE_TO_BACKGROUND,False
1557985914503,기본홈(홈&앱서랍),com.lge.launcher2,False,MOVE_TO_FOREGROUND,False
1557985915585,기본홈(홈&앱서랍),com.lge.launcher2,False,MOVE_TO_BACKGROUND,False
1557985915751,카카오톡,com.kakao.talk,False,MOVE_TO_FOREGROUND,False
1557985915903,카카오톡,com.kakao.talk,False,MOVE_TO_BACKGROUND,False
1557985916457,카카오톡,com.kakao.talk,False,MOVE_TO_FOREGROUND,False
1557985920815,카카오톡,com.kakao.talk,False,MOVE_TO_BACKGROUND,False
1557985920923,카카오톡,com.kakao.talk,False,MOVE_TO_FOREGROUND,False
1557985922639,카카오톡,com.kakao.talk,False,MOVE_TO_BACKGROUND,False
1557985922716,카카오톡,com.kakao.talk,False,MOVE_TO_FOREGROUND,False
1557985925380,카카오톡,com.kakao.talk,False,MOVE_TO_BACKGROUND,False
1557985925418,카카오톡,com.kakao.talk,False,MOVE_TO_FOREGROUND,False
1557985927669,카카오톡,com.kakao.talk,False,MOVE_TO_BACKGROUND,False
1557985927729,카카오톡,com.kakao.talk,False,MOVE_TO_FOREGROUND,False
1557985967890,카카오톡,com.kakao.talk,False,MOVE_TO_BACKGROUND,False
1557985968395,카카오톡,com.kakao.talk,False,MOVE_TO_FOREGROUND,False
1557985971393,Dropsync,com.ttxapps.dropsync,False,USER_INTERACTION,False
1557985976858,카카오톡,com.kakao.talk,False,MOVE_TO_BACKGROUND,False
1557985977092,기본홈(홈&앱서랍),com.lge.launcher2,False,MOVE_TO_FOREGROUND,False
1557985978722,기본홈(홈&앱서랍),com.lge.launcher2,False,MOVE_TO_BACKGROUND,False
1557985981770,해피스크린,kr.co.happymobile.happyscreen,False,MOVE_TO_FOREGROUND,False
1557985981778,해피스크린,kr.co.happymobile.happyscreen,False,MOVE_TO_BACKGROUND,False
1557986115030,해피스크린,kr.co.happymobile.happyscreen,False,MOVE_TO_FOREGROUND,False
1557986116986,해피스크린,kr.co.happymobile.happyscreen,False,MOVE_TO_BACKGROUND,False
1557986117172,기본홈(홈&앱서랍),com.lge.launcher2,False,MOVE_TO_FOREGROUND,False
1557986122088,기본홈(홈&앱서랍),com.lge.launcher2,False,MOVE_TO_BACKGROUND,False
1557986122335,KT 멤버십,com.olleh.android.oc2,False,MOVE_TO_FOREGROUND,False
1557986135261,KT 멤버십,com.olleh.android.oc2,False,MOVE_TO_BACKGROUND,False
1557986135582,KT 멤버십,com.olleh.android.oc2,False,MOVE_TO_FOREGROUND,False
1557986152304,KT 멤버십,com.olleh.android.oc2,False,MOVE_TO_BACKGROUND,False
1557986152595,기본홈(홈&앱서랍),com.lge.launcher2,False,MOVE_TO_FOREGROUND,False
1557986154529,기본홈(홈&앱서랍),com.lge.launcher2,False,MOVE_TO_BACKGROUND,False
1557986156968,해피스크린,kr.co.happymobile.happyscreen,False,MOVE_TO_FOREGROUND,False
1557986156984,해피스크린,kr.co.happymobile.happyscreen,False,MOVE_TO_BACKGROUND,False
1557986208399,CLiP,com.kt.android.showtouch,True,MOVE_TO_FOREGROUND,True
1557986208402,CLiP,com.kt.android.showtouch,True,MOVE_TO_BACKGROUND,True
1557986304600,CLiP,com.kt.android.showtouch,True,MOVE_TO_FOREGROUND,True
1557986305437,CJ ONE,kr.co.ivlog.mobile.app.cjonecard,False,USER_INTERACTION,False
1557986308386,CLiP,com.kt.android.showtouch,True,MOVE_TO_BACKGROUND,True
1557986308591,해피스크린,kr.co.happymobile.happyscreen,False,MOVE_TO_FOREGROUND,False
1557986309863,해피스크린,kr.co.happymobile.happyscreen,False,MOVE_TO_BACKGROUND,False
1557986309971,기본홈(홈&앱서랍),com.lge.launcher2,False,MOVE_TO_FOREGROUND,False
1557986311138,메시지,com.android.mms,True,USER_INTERACTION,False
1557986319035,기본홈(홈&앱서랍),com.lge.launcher2,False,MOVE_TO_BACKGROUND,False
1557986319112,메시지,com.android.mms,True,MOVE_TO_FOREGROUND,False
1557986334073,메시지,com.android.mms,True,MOVE_TO_BACKGROUND,False
1557986334115,메시지,com.android.mms,True,MOVE_TO_FOREGROUND,False
1557986337624,메시지,com.android.mms,True,MOVE_TO_BACKGROUND,False
1557986338146,메시지,com.android.mms,True,MOVE_TO_FOREGROUND,False
1557986338899,메시지,com.android.mms,True,MOVE_TO_BACKGROUND,False
1557986339049,기본홈(홈&앱서랍),com.lge.launcher2,False,MOVE_TO_FOREGROUND,False
1557986339990,기본홈(홈&앱서랍),com.lge.launcher2,False,MOVE_TO_BACKGROUND,False
1557986340053,날씨,com.lge.sizechangable.weather,False,MOVE_TO_FOREGROUND,False
1557986341168,날씨,com.lge.sizechangable.weather,False,MOVE_TO_BACKGROUND,False
1557986341732,기본홈(홈&앱서랍),com.lge.launcher2,False,MOVE_TO_FOREGROUND,False
1557986341857,기본홈(홈&앱서랍),com.lge.launcher2,False,MOVE_TO_BACKGROUND,False
1557986341873,시스템 UI,com.android.systemui,True,MOVE_TO_FOREGROUND,False
1557986344765,시스템 UI,com.android.systemui,True,MOVE_TO_BACKGROUND,False
1557986344884,기본홈(홈&앱서랍),com.lge.launcher2,False,MOVE_TO_FOREGROUND,False
1557986345298,기본홈(홈&앱서랍),com.lge.launcher2,False,MOVE_TO_BACKGROUND,False
1557986347126,해피스크린,kr.co.happymobile.happyscreen,False,MOVE_TO_BACKGROUND,False
1557986347127,해피스크린,kr.co.happymobile.happyscreen,False,MOVE_TO_FOREGROUND,False
1557986381655,해피스크린,kr.co.happymobile.happyscreen,False,MOVE_TO_FOREGROUND,False
1557986411302,해피스크린,kr.co.happymobile.happyscreen,False,MOVE_TO_BACKGROUND,False
1557986412654,해피스크린,kr.co.happymobile.happyscreen,False,MOVE_TO_BACKGROUND,False
1557986412655,해피스크린,kr.co.happymobile.happyscreen,False,MOVE_TO_FOREGROUND,False
1557987517924,해피스크린,kr.co.happymobile.happyscreen,False,MOVE_TO_FOREGROUND,False
1557987529218,해피스크린,kr.co.happymobile.happyscreen,False,MOVE_TO_BACKGROUND,False
1557987530487,해피스크린,kr.co.happymobile.happyscreen,False,MOVE_TO_BACKGROUND,False
1557987530488,해피스크린,kr.co.happymobile.happyscreen,False,MOVE_TO_FOREGROUND,False
1557989813967,해피스크린,kr.co.happymobile.happyscreen,False,MOVE_TO_FOREGROUND,False
1557989815607,쿠팡,com.coupang.mobile,False,USER_INTERACTION,False
1557989816091,Paco,com.pacoapp.paco,False,USER_INTERACTION,False
1557989816804,해피스크린,kr.co.happymobile.happyscreen,False,MOVE_TO_BACKGROUND,False
1557989817025,Paco,com.pacoapp.paco,False,MOVE_TO_FOREGROUND,False
1557989886057,Paco,com.pacoapp.paco,False,MOVE_TO_BACKGROUND,False
1557989886077,Paco,com.pacoapp.paco,False,MOVE_TO_FOREGROUND,False
1557989888727,Paco,com.pacoapp.paco,False,MOVE_TO_BACKGROUND,False
1557989888800,기본홈(홈&앱서랍),com.lge.launcher2,False,MOVE_TO_FOREGROUND,False
1557989890086,기본홈(홈&앱서랍),com.lge.launcher2,False,MOVE_TO_BACKGROUND,False
1557989890128,카카오톡,com.kakao.talk,False,MOVE_TO_FOREGROUND,False
1557989890933,카카오톡,com.kakao.talk,False,MOVE_TO_BACKGROUND,False
1557989890944,카카오톡,com.kakao.talk,False,MOVE_TO_FOREGROUND,False
1557989890971,카카오톡,com.kakao.talk,False,MOVE_TO_BACKGROUND,False
1557989890992,카카오톡,com.kakao.talk,False,MOVE_TO_FOREGROUND,False
1557989891248,티몬,com.tmon,False,USER_INTERACTION,False
1557989891510,카카오톡,com.kakao.talk,False,MOVE_TO_BACKGROUND,False
1557989892042,카카오톡,com.kakao.talk,False,MOVE_TO_FOREGROUND,False
1557989892136,카카오톡,com.kakao.talk,False,USER_INTERACTION,False
1557989897029,카카오톡,com.kakao.talk,False,MOVE_TO_BACKGROUND,False
1557989897044,카카오톡,com.kakao.talk,False,MOVE_TO_FOREGROUND,False
1557989899062,카카오톡,com.kakao.talk,False,MOVE_TO_BACKGROUND,False
1557989899122,카카오톡,com.kakao.talk,False,MOVE_TO_FOREGROUND,False
1557989922533,카카오톡,com.kakao.talk,False,MOVE_TO_BACKGROUND,False
1557989922552,카카오톡,com.kakao.talk,False,MOVE_TO_FOREGROUND,False
1557989924773,ABC Logger,kaist.iclab.abclogger,False,USER_INTERACTION,False
1557989925274,메시지,com.android.mms,True,USER_INTERACTION,False
1557989931026,카카오톡,com.kakao.talk,False,MOVE_TO_BACKGROUND,False
1557989931055,카카오톡,com.kakao.talk,False,MOVE_TO_FOREGROUND,False
1557989933584,카카오톡,com.kakao.talk,False,MOVE_TO_BACKGROUND,False
1557989933608,카카오톡,com.kakao.talk,False,MOVE_TO_FOREGROUND,False
1557989936665,카카오톡,com.kakao.talk,False,MOVE_TO_BACKGROUND,False
1557989936682,카카오톡,com.kakao.talk,False,MOVE_TO_FOREGROUND,False
1557990127841,카카오톡,com.kakao.talk,False,MOVE_TO_BACKGROUND,False
1557990127923,카카오톡,com.kakao.talk,False,MOVE_TO_FOREGROUND,False
1557990143525,카카오톡,com.kakao.talk,False,MOVE_TO_BACKGROUND,False
1557990143538,카카오톡,com.kakao.talk,False,MOVE_TO_FOREGROUND,False
1557990159713,카카오톡,com.kakao.talk,False,MOVE_TO_BACKGROUND,False
1557990159725,카카오톡,com.kakao.talk,False,MOVE_TO_FOREGROUND,False
1557990163076,카카오톡,com.kakao.talk,False,MOVE_TO_BACKGROUND,False
1557990163937,해피스크린,kr.co.happymobile.happyscreen,False,MOVE_TO_FOREGROUND,False
1557990180847,해피스크린,kr.co.happymobile.happyscreen,False,MOVE_TO_FOREGROUND,False
1557990194398,해피스크린,kr.co.happymobile.happyscreen,False,MOVE_TO_BACKGROUND,False
1557990194821,해피스크린,kr.co.happymobile.happyscreen,False,MOVE_TO_FOREGROUND,False
1557990196998,해피스크린,kr.co.happymobile.happyscreen,False,MOVE_TO_FOREGROUND,False
1557990204130,해피스크린,kr.co.happymobile.happyscreen,False,MOVE_TO_BACKGROUND,False
1557990204298,카카오톡,com.kakao.talk,False,MOVE_TO_FOREGROUND,False
1557990204488,카카오톡,com.kakao.talk,False,MOVE_TO_BACKGROUND,False
1557990205004,카카오톡,com.kakao.talk,False,MOVE_TO_FOREGROUND,False
1557990206910,카카오톡,com.kakao.talk,False,MOVE_TO_BACKGROUND,False
1557990207452,Dropsync,com.ttxapps.dropsync,False,USER_INTERACTION,False
1557990210233,메시지,com.android.mms,True,USER_INTERACTION,False
1557990212399,메시지,com.android.mms,True,USER_INTERACTION,False
1557990212818,카카오톡,com.kakao.talk,False,MOVE_TO_FOREGROUND,False
1557990215592,카카오톡,com.kakao.talk,False,USER_INTERACTION,False
1557990219859,ABC Logger,kaist.iclab.abclogger,False,USER_INTERACTION,False
1557990221292,카카오톡,com.kakao.talk,False,MOVE_TO_BACKGROUND,False
1557990221467,메시지,com.android.mms,True,MOVE_TO_FOREGROUND,False
1557990225338,메시지,com.android.mms,True,MOVE_TO_BACKGROUND,False
1557990225364,메시지,com.android.mms,True,MOVE_TO_FOREGROUND,False
1557990226621,메시지,com.android.mms,True,MOVE_TO_BACKGROUND,False
1557990226693,메시지,com.android.mms,True,MOVE_TO_FOREGROUND,False
1557990227797,메시지,com.android.mms,True,MOVE_TO_BACKGROUND,False
1557990227814,메시지,com.android.mms,True,MOVE_TO_FOREGROUND,False
1557990229230,메시지,com.android.mms,True,MOVE_TO_BACKGROUND,False
1557990229276,메시지,com.android.mms,True,MOVE_TO_FOREGROUND,False
1557990230482,메시지,com.android.mms,True,MOVE_TO_BACKGROUND,False
1557990230543,기본홈(홈&앱서랍),com.lge.launcher2,False,MOVE_TO_FOREGROUND,False
1557990231706,메시지,com.android.mms,True,USER_INTERACTION,False
1557990236158,기본홈(홈&앱서랍),com.lge.launcher2,False,MOVE_TO_BACKGROUND,False
1557990236188,카카오톡,com.kakao.talk,False,MOVE_TO_FOREGROUND,False
1557990237503,카카오톡,com.kakao.talk,False,MOVE_TO_BACKGROUND,False
1557990237519,카카오톡,com.kakao.talk,False,MOVE_TO_FOREGROUND,False
1557990239672,카카오톡,com.kakao.talk,False,MOVE_TO_BACKGROUND,False
1557990239705,카카오톡,com.kakao.talk,False,MOVE_TO_FOREGROUND,False
1557990268835,카카오톡,com.kakao.talk,False,MOVE_TO_BACKGROUND,False
1557990268904,카카오톡,com.kakao.talk,False,MOVE_TO_FOREGROUND,False
1557990270953,카카오톡,com.kakao.talk,False,MOVE_TO_BACKGROUND,False
1557990272698,해피스크린,kr.co.happymobile.happyscreen,False,MOVE_TO_FOREGROUND,False
1557990272699,해피스크린,kr.co.happymobile.happyscreen,False,MOVE_TO_BACKGROUND,False
1557990317360,해피스크린,kr.co.happymobile.happyscreen,False,MOVE_TO_FOREGROUND,False
1557990320546,Google Play 스토어,com.android.vending,True,USER_INTERACTION,True
1557990324175,해피스크린,kr.co.happymobile.happyscreen,False,MOVE_TO_BACKGROUND,False
1557990324269,카카오톡,com.kakao.talk,False,MOVE_TO_FOREGROUND,False
1557990324429,카카오톡,com.kakao.talk,False,MOVE_TO_BACKGROUND,False
1557990324666,카카오톡,com.kakao.talk,False,MOVE_TO_FOREGROUND,False
1557990326293,카카오톡,com.kakao.talk,False,MOVE_TO_BACKGROUND,False
1557990326354,기본홈(홈&앱서랍),com.lge.launcher2,False,MOVE_TO_FOREGROUND,False
1557990332470,기본홈(홈&앱서랍),com.lge.launcher2,False,MOVE_TO_BACKGROUND,False
1557990333513,해피스크린,kr.co.happymobile.happyscreen,False,MOVE_TO_FOREGROUND,False
1557990333514,해피스크린,kr.co.happymobile.happyscreen,False,MOVE_TO_BACKGROUND,False
1557990466427,해피스크린,kr.co.happymobile.happyscreen,False,MOVE_TO_FOREGROUND,False
1557990468281,해피스크린,kr.co.happymobile.happyscreen,False,MOVE_TO_BACKGROUND,False
1557990468488,기본홈(홈&앱서랍),com.lge.launcher2,False,MOVE_TO_FOREGROUND,False
1557990470553,기본홈(홈&앱서랍),com.lge.launcher2,False,MOVE_TO_BACKGROUND,False
1557990470773,Melon,com.iloen.melon,False,MOVE_TO_FOREGROUND,False
1557990471735,다운로드 관리자,com.android.providers.downloads,True,USER_INTERACTION,False
1557990472229,Google Play 스토어,com.android.vending,True,USER_INTERACTION,True
1557990476886,다운로드 관리자,com.android.providers.downloads,True,USER_INTERACTION,False
1557990505845,AhnLab V3 Mobile Security,com.ahnlab.v3mobilesecurity.soda,False,USER_INTERACTION,False
1557990511261,Melon,com.iloen.melon,False,MOVE_TO_BACKGROUND,False
1557990511746,Wi-Fi,com.lge.wifisettings,True,MOVE_TO_FOREGROUND,False
1557990514801,Melon,com.iloen.melon,False,USER_INTERACTION,False
1557990515494,다운로드 관리자,com.android.providers.downloads,True,USER_INTERACTION,False
1557991023455,다운로드 관리자,com.android.providers.downloads,True,USER_INTERACTION,False
1557991030736,ABC Logger,kaist.iclab.abclogger,False,USER_INTERACTION,False
1557991031251,Melon,com.iloen.melon,False,USER_INTERACTION,False
1557991037405,다운로드 관리자,com.android.providers.downloads,True,USER_INTERACTION,False
1557991103559,다운로드 관리자,com.android.providers.downloads,True,USER_INTERACTION,False
1557991145828,다운로드 관리자,com.android.providers.downloads,True,USER_INTERACTION,False
1557991205556,다운로드 관리자,com.android.providers.downloads,True,USER_INTERACTION,False
1557991273646,다운로드 관리자,com.android.providers.downloads,True,USER_INTERACTION,False
1557991325433,Dropsync,com.ttxapps.dropsync,False,USER_INTERACTION,False
1557991329852,다운로드 관리자,com.android.providers.downloads,True,USER_INTERACTION,False
1557991329853,메시지,com.android.mms,True,USER_INTERACTION,False
1557991332136,Wi-Fi,com.lge.wifisettings,True,MOVE_TO_BACKGROUND,False
1557991332415,메시지,com.android.mms,True,MOVE_TO_FOREGROUND,False
1557991340033,메시지,com.android.mms,True,MOVE_TO_BACKGROUND,False
1557991340152,메시지,com.android.mms,True,MOVE_TO_FOREGROUND,False
1557991341758,메시지,com.android.mms,True,MOVE_TO_BACKGROUND,False
1557991341844,기본홈(홈&앱서랍),com.lge.launcher2,False,MOVE_TO_FOREGROUND,False
1557991342967,기본홈(홈&앱서랍),com.lge.launcher2,False,MOVE_TO_BACKGROUND,False
1557991345989,해피스크린,kr.co.happymobile.happyscreen,False,MOVE_TO_FOREGROUND,False
1557991346569,Melon,com.iloen.melon,False,MOVE_TO_FOREGROUND,False
1557991346585,Melon,com.iloen.melon,False,MOVE_TO_BACKGROUND,False
1557991423183,Melon,com.iloen.melon,False,MOVE_TO_FOREGROUND,False
1557991508523,Melon,com.iloen.melon,False,MOVE_TO_BACKGROUND,False
1557991509918,해피스크린,kr.co.happymobile.happyscreen,False,MOVE_TO_BACKGROUND,False
1557991509919,해피스크린,kr.co.happymobile.happyscreen,False,MOVE_TO_FOREGROUND,False
1557991510795,Melon,com.iloen.melon,False,MOVE_TO_FOREGROUND,False
1557991620346,Melon,com.iloen.melon,False,MOVE_TO_FOREGROUND,False
1557991625281,Melon,com.iloen.melon,False,USER_INTERACTION,False
1557991625779,다운로드 관리자,com.android.providers.downloads,True,USER_INTERACTION,False
1557991658380,Melon,com.iloen.melon,False,USER_INTERACTION,False
1557991659192,Melon,com.iloen.melon,False,MOVE_TO_BACKGROUND,False
1557991659329,Melon,com.iloen.melon,False,MOVE_TO_FOREGROUND,False
1557991671839,Melon,com.iloen.melon,False,MOVE_TO_BACKGROUND,False
1557991671892,카카오톡,com.kakao.talk,False,MOVE_TO_FOREGROUND,False
1557991672700,카카오톡,com.kakao.talk,False,MOVE_TO_BACKGROUND,False
1557991672808,카카오톡,com.kakao.talk,False,MOVE_TO_FOREGROUND,False
1557991674685,카카오톡,com.kakao.talk,False,MOVE_TO_BACKGROUND,False
1557991674717,카카오톡,com.kakao.talk,False,MOVE_TO_FOREGROUND,False
1557991680322,다운로드 관리자,com.android.providers.downloads,True,USER_INTERACTION,False
1557991773192,카카오톡,com.kakao.talk,False,MOVE_TO_BACKGROUND,False
1557991773270,Melon,com.iloen.melon,False,MOVE_TO_FOREGROUND,False
1557991776449,Melon,com.iloen.melon,False,MOVE_TO_BACKGROUND,False
1557991776489,카카오톡,com.kakao.talk,False,MOVE_TO_FOREGROUND,False
1557991776590,카카오톡,com.kakao.talk,False,MOVE_TO_BACKGROUND,False
1557991776641,카카오톡,com.kakao.talk,False,MOVE_TO_FOREGROUND,False
1557991778544,카카오톡,com.kakao.talk,False,MOVE_TO_BACKGROUND,False
1557991778579,카카오톡,com.kakao.talk,False,MOVE_TO_FOREGROUND,False
1557991783579,Google Play 스토어,com.android.vending,True,USER_INTERACTION,True
1557991788904,카카오톡,com.kakao.talk,False,MOVE_TO_BACKGROUND,False
1557991788954,시스템 UI,com.android.systemui,True,MOVE_TO_FOREGROUND,False
1557991790769,시스템 UI,com.android.systemui,True,MOVE_TO_BACKGROUND,False
1557991790869,기본홈(홈&앱서랍),com.lge.launcher2,False,MOVE_TO_FOREGROUND,False
1557991792593,기본홈(홈&앱서랍),com.lge.launcher2,False,MOVE_TO_BACKGROUND,False
1557991792734,Melon,com.iloen.melon,False,MOVE_TO_FOREGROUND,False
1557991861112,Melon,com.iloen.melon,False,USER_INTERACTION,False
1557991886992,Melon,com.iloen.melon,False,MOVE_TO_BACKGROUND,False
1557991887027,카카오톡,com.kakao.talk,False,MOVE_TO_FOREGROUND,False
1557991887910,카카오톡,com.kakao.talk,False,MOVE_TO_BACKGROUND,False
1557991888075,카카오톡,com.kakao.talk,False,MOVE_TO_FOREGROUND,False
1557991890547,카카오톡,com.kakao.talk,False,MOVE_TO_BACKGROUND,False
1557991890571,카카오톡,com.kakao.talk,False,MOVE_TO_FOREGROUND,False
1557991898307,카카오톡,com.kakao.talk,False,MOVE_TO_BACKGROUND,False
1557991898340,Melon,com.iloen.melon,False,MOVE_TO_FOREGROUND,False
1557991936022,Melon,com.iloen.melon,False,MOVE_TO_BACKGROUND,False
1557991936082,카카오톡,com.kakao.talk,False,MOVE_TO_FOREGROUND,False
1557991936202,카카오톡,com.kakao.talk,False,MOVE_TO_BACKGROUND,False
1557991936233,카카오톡,com.kakao.talk,False,MOVE_TO_FOREGROUND,False
1557991939153,카카오톡,com.kakao.talk,False,MOVE_TO_BACKGROUND,False
1557991939174,카카오톡,com.kakao.talk,False,MOVE_TO_FOREGROUND,False
1557991943048,Melon,com.iloen.melon,False,USER_INTERACTION,False
1557992011562,카카오톡,com.kakao.talk,False,MOVE_TO_BACKGROUND,False
1557992011629,Melon,com.iloen.melon,False,MOVE_TO_FOREGROUND,False
1557992158692,다운로드 관리자,com.android.providers.downloads,True,USER_INTERACTION,False
1557992187613,뱅크샐러드,com.rainist.banksalad2,False,USER_INTERACTION,False
1557992196097,Melon,com.iloen.melon,False,MOVE_TO_BACKGROUND,False
1557992196219,기본홈(홈&앱서랍),com.lge.launcher2,False,MOVE_TO_FOREGROUND,False
1557992197262,기본홈(홈&앱서랍),com.lge.launcher2,False,MOVE_TO_BACKGROUND,False
1557992197301,카카오톡,com.kakao.talk,False,MOVE_TO_FOREGROUND,False
1557992197678,카카오톡,com.kakao.talk,False,MOVE_TO_BACKGROUND,False
1557992197694,카카오톡,com.kakao.talk,False,MOVE_TO_FOREGROUND,False
1557992197733,카카오톡,com.kakao.talk,False,MOVE_TO_BACKGROUND,False
1557992197766,카카오톡,com.kakao.talk,False,MOVE_TO_FOREGROUND,False
1557992198354,카카오톡,com.kakao.talk,False,MOVE_TO_BACKGROUND,False
1557992198913,카카오톡,com.kakao.talk,False,MOVE_TO_FOREGROUND,False
1557992201955,카카오톡,com.kakao.talk,False,MOVE_TO_BACKGROUND,False
1557992201975,카카오톡,com.kakao.talk,False,MOVE_TO_FOREGROUND,False
1557992205683,카카오톡,com.kakao.talk,False,MOVE_TO_BACKGROUND,False
1557992205723,카카오톡,com.kakao.talk,False,MOVE_TO_FOREGROUND,False
1557992210896,카카오톡,com.kakao.talk,False,MOVE_TO_BACKGROUND,False
1557992210970,카카오톡,com.kakao.talk,False,MOVE_TO_FOREGROUND,False
1557992213543,카카오톡,com.kakao.talk,False,MOVE_TO_BACKGROUND,False
1557992213562,카카오톡,com.kakao.talk,False,MOVE_TO_FOREGROUND,False
1557992250030,카카오톡,com.kakao.talk,False,MOVE_TO_BACKGROUND,False
1557992250061,카카오톡,com.kakao.talk,False,MOVE_TO_FOREGROUND,False
1557992252213,카카오톡,com.kakao.talk,False,MOVE_TO_BACKGROUND,False
1557992253519,해피스크린,kr.co.happymobile.happyscreen,False,MOVE_TO_BACKGROUND,False
1557992253520,해피스크린,kr.co.happymobile.happyscreen,False,MOVE_TO_FOREGROUND,False
1557992256107,Melon,com.iloen.melon,False,MOVE_TO_FOREGROUND,False
1557992256109,Melon,com.iloen.melon,False,MOVE_TO_BACKGROUND,False
1557992388276,Melon,com.iloen.melon,False,MOVE_TO_FOREGROUND,False
1557992394801,Melon,com.iloen.melon,False,MOVE_TO_BACKGROUND,False
1557992394871,기본홈(홈&앱서랍),com.lge.launcher2,False,MOVE_TO_FOREGROUND,False
1557992395260,기본홈(홈&앱서랍),com.lge.launcher2,False,MOVE_TO_BACKGROUND,False
1557992395520,Melon,com.iloen.melon,False,USER_INTERACTION,False
1557992398411,기본홈(홈&앱서랍),com.lge.launcher2,False,MOVE_TO_FOREGROUND,False
1557992399695,다운로드 관리자,com.android.providers.downloads,True,USER_INTERACTION,False
1557992400602,기본홈(홈&앱서랍),com.lge.launcher2,False,MOVE_TO_BACKGROUND,False
1557992400645,Paco,com.pacoapp.paco,False,MOVE_TO_FOREGROUND,False
1557992418148,Paco,com.pacoapp.paco,False,MOVE_TO_BACKGROUND,False
1557992418253,Paco,com.pacoapp.paco,False,MOVE_TO_FOREGROUND,False
1557992421320,Paco,com.pacoapp.paco,False,MOVE_TO_BACKGROUND,False
1557992421347,Paco,com.pacoapp.paco,False,MOVE_TO_FOREGROUND,False
1557992427973,Paco,com.pacoapp.paco,False,MOVE_TO_BACKGROUND,False
1557992428024,기본홈(홈&앱서랍),com.lge.launcher2,False,MOVE_TO_FOREGROUND,False
1557992606904,Melon,com.iloen.melon,False,USER_INTERACTION,False
1557992624674,다운로드 관리자,com.android.providers.downloads,True,USER_INTERACTION,False
1557992728378,다운로드 관리자,com.android.providers.downloads,True,USER_INTERACTION,False
1557992772227,다운로드 관리자,com.android.providers.downloads,True,USER_INTERACTION,False
1557993002875,ABC Logger,kaist.iclab.abclogger,False,USER_INTERACTION,False
1557993004427,Melon,com.iloen.melon,False,USER_INTERACTION,False
1557993174272,기본홈(홈&앱서랍),com.lge.launcher2,False,MOVE_TO_BACKGROUND,False
1557993174313,카카오톡,com.kakao.talk,False,MOVE_TO_FOREGROUND,False
1557993174371,카카오톡,com.kakao.talk,False,MOVE_TO_BACKGROUND,False
1557993174598,카카오톡,com.kakao.talk,False,MOVE_TO_FOREGROUND,False
1557993177991,카카오톡,com.kakao.talk,False,MOVE_TO_BACKGROUND,False
1557993178004,카카오톡,com.kakao.talk,False,MOVE_TO_FOREGROUND,False
1557993179550,Melon,com.iloen.melon,False,USER_INTERACTION,False
1557993183464,카카오톡,com.kakao.talk,False,MOVE_TO_BACKGROUND,False
1557993183534,기본홈(홈&앱서랍),com.lge.launcher2,False,MOVE_TO_FOREGROUND,False
1557993188456,기본홈(홈&앱서랍),com.lge.launcher2,False,MOVE_TO_BACKGROUND,False
1557993188470,Google Play 스토어,com.android.vending,True,MOVE_TO_FOREGROUND,True
1557993201188,Google Play 스토어,com.android.vending,True,MOVE_TO_BACKGROUND,True
1557993201250,Google Play 스토어,com.android.vending,True,MOVE_TO_FOREGROUND,True
1557993201388,Google Play 스토어,com.android.vending,True,MOVE_TO_BACKGROUND,True
1557993201398,Google Play 스토어,com.android.vending,True,MOVE_TO_FOREGROUND,True
1557993312032,Google Play 스토어,com.android.vending,True,USER_INTERACTION,True
1557993343174,Melon,com.iloen.melon,False,USER_INTERACTION,False
1557993510415,Google Play 스토어,com.android.vending,True,MOVE_TO_BACKGROUND,True
1557993510486,Melon,com.iloen.melon,False,MOVE_TO_FOREGROUND,False
1557993664404,Melon,com.iloen.melon,False,USER_INTERACTION,False
1557993857829,Melon,com.iloen.melon,False,USER_INTERACTION,False
1557993860094,ABC Logger,kaist.iclab.abclogger,False,USER_INTERACTION,False
1557993862837,Melon,com.iloen.melon,False,MOVE_TO_BACKGROUND,False
1557993862912,기본홈(홈&앱서랍),com.lge.launcher2,False,MOVE_TO_FOREGROUND,False
1557993863616,기본홈(홈&앱서랍),com.lge.launcher2,False,MOVE_TO_BACKGROUND,False
1557993863621,시스템 UI,com.android.systemui,True,MOVE_TO_FOREGROUND,False
1557993865068,시스템 UI,com.android.systemui,True,MOVE_TO_BACKGROUND,False
1557993865102,Google Play 스토어,com.android.vending,True,MOVE_TO_FOREGROUND,True
1557993867582,Google Play 스토어,com.android.vending,True,MOVE_TO_BACKGROUND,True
1557993867622,Google Play 스토어,com.android.vending,True,MOVE_TO_FOREGROUND,True
1557993867754,Google Play 스토어,com.android.vending,True,MOVE_TO_BACKGROUND,True
1557993867769,Google Play 스토어,com.android.vending,True,MOVE_TO_FOREGROUND,True
1557994028514,Melon,com.iloen.melon,False,USER_INTERACTION,False
1557994038027,Google Play 스토어,com.android.vending,True,MOVE_TO_BACKGROUND,True
1557994038046,Google Play 스토어,com.android.vending,True,MOVE_TO_FOREGROUND,True
1557994038094,Google Play 스토어,com.android.vending,True,MOVE_TO_BACKGROUND,True
1557994038102,Google Play 스토어,com.android.vending,True,MOVE_TO_FOREGROUND,True
1557994039808,Google Play 스토어,com.android.vending,True,MOVE_TO_BACKGROUND,True
1557994039832,Google Play 스토어,com.android.vending,True,MOVE_TO_FOREGROUND,True
1557994039887,Google Play 스토어,com.android.vending,True,MOVE_TO_BACKGROUND,True
1557994039904,Google Play 스토어,com.android.vending,True,MOVE_TO_FOREGROUND,True
1557994041087,Google Play 스토어,com.android.vending,True,MOVE_TO_BACKGROUND,True
1557994041116,Google Play 스토어,com.android.vending,True,MOVE_TO_FOREGROUND,True
1557994041167,Google Play 스토어,com.android.vending,True,MOVE_TO_BACKGROUND,True
1557994041178,Google Play 스토어,com.android.vending,True,MOVE_TO_FOREGROUND,True
1557994043826,Google Play 스토어,com.android.vending,True,MOVE_TO_BACKGROUND,True
1557994043847,Google Play 스토어,com.android.vending,True,MOVE_TO_FOREGROUND,True
1557994043895,Google Play 스토어,com.android.vending,True,MOVE_TO_BACKGROUND,True
1557994043905,Google Play 스토어,com.android.vending,True,MOVE_TO_FOREGROUND,True
1557994049379,Google Play 스토어,com.android.vending,True,MOVE_TO_BACKGROUND,True
1557994049428,기본홈(홈&앱서랍),com.lge.launcher2,False,MOVE_TO_FOREGROUND,False
1557994063772,카카오톡,com.kakao.talk,False,USER_INTERACTION,False
1557994119623,기본홈(홈&앱서랍),com.lge.launcher2,False,MOVE_TO_BACKGROUND,False
1557994120776,해피스크린,kr.co.happymobile.happyscreen,False,MOVE_TO_BACKGROUND,False
1557994120777,해피스크린,kr.co.happymobile.happyscreen,False,MOVE_TO_FOREGROUND,False
1557994121840,Melon,com.iloen.melon,False,MOVE_TO_BACKGROUND,False
1557994166784,Melon,com.iloen.melon,False,MOVE_TO_FOREGROUND,False
1557994170390,Melon,com.iloen.melon,False,MOVE_TO_BACKGROUND,False
1557994170495,기본홈(홈&앱서랍),com.lge.launcher2,False,MOVE_TO_FOREGROUND,False
1557994171878,Melon,com.iloen.melon,False,USER_INTERACTION,False
1557994239029,기본홈(홈&앱서랍),com.lge.launcher2,False,MOVE_TO_BACKGROUND,False
1557994239134,Google Play 스토어,com.android.vending,True,MOVE_TO_FOREGROUND,True
1557994258105,Google Play 스토어,com.android.vending,True,MOVE_TO_BACKGROUND,True
1557994262528,해피스크린,kr.co.happymobile.happyscreen,False,MOVE_TO_BACKGROUND,False
1557994262529,해피스크린,kr.co.happymobile.happyscreen,False,MOVE_TO_FOREGROUND,False
1557994537654,해피스크린,kr.co.happymobile.happyscreen,False,MOVE_TO_FOREGROUND,False
1557994540047,해피스크린,kr.co.happymobile.happyscreen,False,MOVE_TO_BACKGROUND,False
1557994540311,Google Play 스토어,com.android.vending,True,MOVE_TO_FOREGROUND,True
1557994545931,Google Play 스토어,com.android.vending,True,MOVE_TO_BACKGROUND,True
1557994546014,Google Play 스토어,com.android.vending,True,MOVE_TO_FOREGROUND,True
1557994546299,Google Play 스토어,com.android.vending,True,MOVE_TO_BACKGROUND,True
1557994546332,Google Play 스토어,com.android.vending,True,MOVE_TO_FOREGROUND,True
1557994556760,Dropsync,com.ttxapps.dropsync,False,USER_INTERACTION,False
1557994557268,Google Play 스토어,com.android.vending,True,USER_INTERACTION,True
1557994609028,Google Play 스토어,com.android.vending,True,MOVE_TO_BACKGROUND,True
1557994609182,Google Play 스토어,com.android.vending,True,MOVE_TO_FOREGROUND,True
1557994609505,Google Play 스토어,com.android.vending,True,MOVE_TO_BACKGROUND,True
1557994609542,Google Play 스토어,com.android.vending,True,MOVE_TO_FOREGROUND,True
1557994625058,Google Play 스토어,com.android.vending,True,MOVE_TO_BACKGROUND,True
1557994625090,Google Play 스토어,com.android.vending,True,MOVE_TO_FOREGROUND,True
1557994625474,Google Play 스토어,com.android.vending,True,MOVE_TO_BACKGROUND,True
1557994625514,Google Play 스토어,com.android.vending,True,MOVE_TO_FOREGROUND,True
1557994718868,Google Play 스토어,com.android.vending,True,USER_INTERACTION,True
1557994764264,ABC Logger,kaist.iclab.abclogger,False,USER_INTERACTION,False
1557994765102,다운로드 관리자,com.android.providers.downloads,True,USER_INTERACTION,False
1557994813210,다운로드 관리자,com.android.providers.downloads,True,USER_INTERACTION,False
1557994821793,Google Play 스토어,com.android.vending,True,USER_INTERACTION,True
1557994861433,Paco,com.pacoapp.paco,False,USER_INTERACTION,False
1557994873381,Google Play 스토어,com.android.vending,True,USER_INTERACTION,True
1557994875445,다운로드 관리자,com.android.providers.downloads,True,USER_INTERACTION,False
1557994903807,다운로드 관리자,com.android.providers.downloads,True,USER_INTERACTION,False
1557994922440,다운로드 관리자,com.android.providers.downloads,True,USER_INTERACTION,False
1557994924337,Google Play 스토어,com.android.vending,True,USER_INTERACTION,True
1557994939909,Dropsync,com.ttxapps.dropsync,False,USER_INTERACTION,False
1557995001765,Google Play 스토어,com.android.vending,True,USER_INTERACTION,True
1557995004201,다운로드 관리자,com.android.providers.downloads,True,USER_INTERACTION,False
1557995017937,Google Play 스토어,com.android.vending,True,MOVE_TO_BACKGROUND,True
1557995019641,해피스크린,kr.co.happymobile.happyscreen,False,MOVE_TO_FOREGROUND,False
1557995019642,해피스크린,kr.co.happymobile.happyscreen,False,MOVE_TO_BACKGROUND,False
1557995106785,해피스크린,kr.co.happymobile.happyscreen,False,MOVE_TO_FOREGROUND,False
1557995110403,해피스크린,kr.co.happymobile.happyscreen,False,MOVE_TO_BACKGROUND,False
1557995110924,Google Play 스토어,com.android.vending,True,MOVE_TO_FOREGROUND,True
1557995112761,Google Play 스토어,com.android.vending,True,MOVE_TO_BACKGROUND,True
1557995112880,기본홈(홈&앱서랍),com.lge.launcher2,False,MOVE_TO_FOREGROUND,False
1557995115440,기본홈(홈&앱서랍),com.lge.launcher2,False,MOVE_TO_BACKGROUND,False
1557995115498,카카오톡,com.kakao.talk,False,MOVE_TO_FOREGROUND,False
1557995118738,카카오톡,com.kakao.talk,False,MOVE_TO_BACKGROUND,False
1557995119244,카카오톡,com.kakao.talk,False,MOVE_TO_FOREGROUND,False
1557995125176,카카오톡,com.kakao.talk,False,MOVE_TO_BACKGROUND,False
1557995125205,카카오톡,com.kakao.talk,False,MOVE_TO_FOREGROUND,False
1557995128272,카카오톡,com.kakao.talk,False,MOVE_TO_BACKGROUND,False
1557995128332,카카오톡,com.kakao.talk,False,MOVE_TO_FOREGROUND,False
1557995148894,AhnLab V3 Mobile Security,com.ahnlab.v3mobilesecurity.soda,False,USER_INTERACTION,False
1557995161081,카카오톡,com.kakao.talk,False,MOVE_TO_BACKGROUND,False
1557995161136,카카오톡,com.kakao.talk,False,MOVE_TO_FOREGROUND,False
1557995162922,Dropsync,com.ttxapps.dropsync,False,USER_INTERACTION,False
1557995163422,Google Play 스토어,com.android.vending,True,USER_INTERACTION,True
1557995163635,카카오톡,com.kakao.talk,False,MOVE_TO_BACKGROUND,False
1557995163819,Paco,com.pacoapp.paco,False,MOVE_TO_FOREGROUND,False
1557995211906,Paco,com.pacoapp.paco,False,MOVE_TO_BACKGROUND,False
1557995211976,Paco,com.pacoapp.paco,False,MOVE_TO_FOREGROUND,False
1557995218938,Paco,com.pacoapp.paco,False,MOVE_TO_BACKGROUND,False
1557995219110,기본홈(홈&앱서랍),com.lge.launcher2,False,MOVE_TO_FOREGROUND,False
1557995220452,기본홈(홈&앱서랍),com.lge.launcher2,False,MOVE_TO_BACKGROUND,False
1557995220542,카카오톡,com.kakao.talk,False,MOVE_TO_FOREGROUND,False
1557995220742,카카오톡,com.kakao.talk,False,MOVE_TO_BACKGROUND,False
1557995221294,카카오톡,com.kakao.talk,False,MOVE_TO_FOREGROUND,False
1557995224978,카카오톡,com.kakao.talk,False,MOVE_TO_BACKGROUND,False
1557995224998,카카오톡,com.kakao.talk,False,MOVE_TO_FOREGROUND,False
1557995226669,카카오톡,com.kakao.talk,False,MOVE_TO_BACKGROUND,False
1557995226718,카카오톡,com.kakao.talk,False,MOVE_TO_FOREGROUND,False
1557995244715,카카오톡,com.kakao.talk,False,MOVE_TO_BACKGROUND,False
1557995244743,카카오톡,com.kakao.talk,False,MOVE_TO_FOREGROUND,False
1557995246444,카카오톡,com.kakao.talk,False,MOVE_TO_BACKGROUND,False
1557995248205,해피스크린,kr.co.happymobile.happyscreen,False,MOVE_TO_FOREGROUND,False
1557995248206,해피스크린,kr.co.happymobile.happyscreen,False,MOVE_TO_BACKGROUND,False
1557995367419,해피스크린,kr.co.happymobile.happyscreen,False,MOVE_TO_FOREGROUND,False
1557995368645,해피스크린,kr.co.happymobile.happyscreen,False,MOVE_TO_BACKGROUND,False
1557995368784,카카오톡,com.kakao.talk,False,MOVE_TO_FOREGROUND,False
1557995369051,카카오톡,com.kakao.talk,False,MOVE_TO_BACKGROUND,False
1557995369618,카카오톡,com.kakao.talk,False,MOVE_TO_FOREGROUND,False
1557995369735,카카오톡,com.kakao.talk,False,USER_INTERACTION,False
1557995370234,Google Play 스토어,com.android.vending,True,USER_INTERACTION,True
1557995371943,카카오톡,com.kakao.talk,False,MOVE_TO_BACKGROUND,False
1557995372015,기본홈(홈&앱서랍),com.lge.launcher2,False,MOVE_TO_FOREGROUND,False
1557995374680,기본홈(홈&앱서랍),com.lge.launcher2,False,MOVE_TO_BACKGROUND,False
1557995374709,Logger,iclab.kaist.ac.kr.msband_logger,False,MOVE_TO_FOREGROUND,False
1557995375179,Logger,iclab.kaist.ac.kr.msband_logger,False,MOVE_TO_BACKGROUND,False
1557995375419,패키지 설치 프로그램,com.google.android.packageinstaller,True,MOVE_TO_FOREGROUND,False
1557995375775,패키지 설치 프로그램,com.google.android.packageinstaller,True,MOVE_TO_BACKGROUND,False
1557995375790,Logger,iclab.kaist.ac.kr.msband_logger,False,MOVE_TO_FOREGROUND,False
1557995381875,Logger,iclab.kaist.ac.kr.msband_logger,False,MOVE_TO_BACKGROUND,False
1557995382030,기본홈(홈&앱서랍),com.lge.launcher2,False,MOVE_TO_FOREGROUND,False
1557995384527,기본홈(홈&앱서랍),com.lge.launcher2,False,MOVE_TO_BACKGROUND,False
1557995384662,Chrome,com.android.chrome,True,MOVE_TO_FOREGROUND,True
1557995387150,카카오톡,com.kakao.talk,False,USER_INTERACTION,False
1557995390602,마이 케이티,com.ktshow.cs,True,USER_INTERACTION,True
1557995548985,ABC Logger,kaist.iclab.abclogger,False,USER_INTERACTION,False
1557995561016,Chrome,com.android.chrome,True,MOVE_TO_BACKGROUND,True
1557995563157,해피스크린,kr.co.happymobile.happyscreen,False,MOVE_TO_BACKGROUND,False
1557995666283,해피스크린,kr.co.happymobile.happyscreen,False,MOVE_TO_FOREGROUND,False
1557995666317,해피스크린,kr.co.happymobile.happyscreen,False,MOVE_TO_BACKGROUND,False
1557995666409,해피스크린,kr.co.happymobile.happyscreen,False,MOVE_TO_FOREGROUND,False
1557995668080,해피스크린,kr.co.happymobile.happyscreen,False,MOVE_TO_BACKGROUND,False
1557995668219,Chrome,com.android.chrome,True,MOVE_TO_FOREGROUND,True
1557995669983,Chrome,com.android.chrome,True,MOVE_TO_BACKGROUND,True
1557995670160,기본홈(홈&앱서랍),com.lge.launcher2,False,MOVE_TO_FOREGROUND,False
1557995671511,기본홈(홈&앱서랍),com.lge.launcher2,False,MOVE_TO_BACKGROUND,False
1557995671564,카카오톡,com.kakao.talk,False,MOVE_TO_FOREGROUND,False
1557995674082,카카오톡,com.kakao.talk,False,MOVE_TO_BACKGROUND,False
1557995674099,카카오톡,com.kakao.talk,False,MOVE_TO_FOREGROUND,False
1557995676689,카카오톡,com.kakao.talk,False,MOVE_TO_BACKGROUND,False
1557995676779,카카오톡,com.kakao.talk,False,MOVE_TO_FOREGROUND,False
1557995723062,카카오톡,com.kakao.talk,False,MOVE_TO_BACKGROUND,False
1557995723074,카카오톡,com.kakao.talk,False,MOVE_TO_FOREGROUND,False
1557995724503,카카오톡,com.kakao.talk,False,MOVE_TO_BACKGROUND,False
1557995725780,해피스크린,kr.co.happymobile.happyscreen,False,MOVE_TO_BACKGROUND,False
1557997216913,해피스크린,kr.co.happymobile.happyscreen,False,MOVE_TO_FOREGROUND,False
1557997218715,LFmall,kr.co.lgfashion.lgfashionshop.v28,False,USER_INTERACTION,False
1557997219214,카카오뱅크,com.kakaobank.channel,False,USER_INTERACTION,False
1557997219723,카카오톡,com.kakao.talk,False,USER_INTERACTION,False
1557997222003,Google Play 스토어,com.android.vending,True,USER_INTERACTION,True
1557997222510,ABC Logger,kaist.iclab.abclogger,False,USER_INTERACTION,False
1557997224653,해피스크린,kr.co.happymobile.happyscreen,False,MOVE_TO_BACKGROUND,False
1557997225835,해피스크린,kr.co.happymobile.happyscreen,False,MOVE_TO_FOREGROUND,False
1557998610295,해피스크린,kr.co.happymobile.happyscreen,False,MOVE_TO_FOREGROUND,False
1557998611633,해피스크린,kr.co.happymobile.happyscreen,False,MOVE_TO_BACKGROUND,False
1557998611923,카카오톡,com.kakao.talk,False,MOVE_TO_FOREGROUND,False
1557998612317,카카오톡,com.kakao.talk,False,MOVE_TO_BACKGROUND,False
1557998612854,기본홈(홈&앱서랍),com.lge.launcher2,False,MOVE_TO_FOREGROUND,False
1557998613489,기본홈(홈&앱서랍),com.lge.launcher2,False,MOVE_TO_BACKGROUND,False
1557998617640,해피스크린,kr.co.happymobile.happyscreen,False,MOVE_TO_FOREGROUND,False
1557998617646,해피스크린,kr.co.happymobile.happyscreen,False,MOVE_TO_BACKGROUND,False
1557998623102,CaptivePortalLogin,com.android.captiveportallogin,True,MOVE_TO_FOREGROUND,False
1557998623113,CaptivePortalLogin,com.android.captiveportallogin,True,MOVE_TO_BACKGROUND,False
1557998734213,해피스크린,kr.co.happymobile.happyscreen,False,MOVE_TO_BACKGROUND,False
1557998734214,해피스크린,kr.co.happymobile.happyscreen,False,MOVE_TO_FOREGROUND,False
1558000166204,해피스크린,kr.co.happymobile.happyscreen,False,MOVE_TO_FOREGROUND,False
1558000167994,Paco,com.pacoapp.paco,False,USER_INTERACTION,False
1558000168545,카카오뱅크,com.kakaobank.channel,False,USER_INTERACTION,False
1558000169234,해피스크린,kr.co.happymobile.happyscreen,False,MOVE_TO_BACKGROUND,False
1558000169387,Paco,com.pacoapp.paco,False,MOVE_TO_FOREGROUND,False
1558000186976,Paco,com.pacoapp.paco,False,MOVE_TO_BACKGROUND,False
1558000187022,Paco,com.pacoapp.paco,False,MOVE_TO_FOREGROUND,False
1558000189194,Paco,com.pacoapp.paco,False,MOVE_TO_BACKGROUND,False
1558000189251,기본홈(홈&앱서랍),com.lge.launcher2,False,MOVE_TO_FOREGROUND,False
1558000190343,기본홈(홈&앱서랍),com.lge.launcher2,False,MOVE_TO_BACKGROUND,False
1558000190370,카카오톡,com.kakao.talk,False,MOVE_TO_FOREGROUND,False
1558000191884,카카오톡,com.kakao.talk,False,MOVE_TO_BACKGROUND,False
1558000191903,카카오톡,com.kakao.talk,False,MOVE_TO_FOREGROUND,False
1558000193521,카카오톡,com.kakao.talk,False,MOVE_TO_BACKGROUND,False
1558000193568,카카오톡,com.kakao.talk,False,MOVE_TO_FOREGROUND,False
1558000212497,카카오톡,com.kakao.talk,False,MOVE_TO_BACKGROUND,False
1558000212531,카카오톡,com.kakao.talk,False,MOVE_TO_FOREGROUND,False
1558000220396,카카오톡,com.kakao.talk,False,MOVE_TO_BACKGROUND,False
1558000220434,카카오톡,com.kakao.talk,False,MOVE_TO_FOREGROUND,False
1558000243100,카카오톡,com.kakao.talk,False,MOVE_TO_BACKGROUND,False
1558000243138,카카오톡,com.kakao.talk,False,MOVE_TO_FOREGROUND,False
1558000244277,카카오톡,com.kakao.talk,False,MOVE_TO_BACKGROUND,False
1558000244310,카카오톡,com.kakao.talk,False,MOVE_TO_FOREGROUND,False
1558000245488,카카오톡,com.kakao.talk,False,MOVE_TO_BACKGROUND,False
1558000245501,카카오톡,com.kakao.talk,False,MOVE_TO_FOREGROUND,False
1558000246081,카카오톡,com.kakao.talk,False,MOVE_TO_BACKGROUND,False
1558000246199,카카오톡,com.kakao.talk,False,MOVE_TO_FOREGROUND,False
1558000246290,카카오톡,com.kakao.talk,False,MOVE_TO_BACKGROUND,False
1558000246327,기본홈(홈&앱서랍),com.lge.launcher2,False,MOVE_TO_FOREGROUND,False
1558000246996,기본홈(홈&앱서랍),com.lge.launcher2,False,MOVE_TO_BACKGROUND,False
1558000248079,해피스크린,kr.co.happymobile.happyscreen,False,MOVE_TO_FOREGROUND,False
1558000469247,해피스크린,kr.co.happymobile.happyscreen,False,MOVE_TO_FOREGROUND,False
1558000471668,해피스크린,kr.co.happymobile.happyscreen,False,MOVE_TO_BACKGROUND,False
1558000471805,기본홈(홈&앱서랍),com.lge.launcher2,False,MOVE_TO_FOREGROUND,False
1558000472678,기본홈(홈&앱서랍),com.lge.launcher2,False,MOVE_TO_BACKGROUND,False
1558000473637,기본홈(홈&앱서랍),com.lge.launcher2,False,MOVE_TO_FOREGROUND,False
1558000474644,카카오톡,com.kakao.talk,False,USER_INTERACTION,False
1558000476879,ABC Logger,kaist.iclab.abclogger,False,USER_INTERACTION,False
1558000479000,카카오톡,com.kakao.talk,False,USER_INTERACTION,False
1558000479819,기본홈(홈&앱서랍),com.lge.launcher2,False,MOVE_TO_BACKGROUND,False
1558000479844,카카오톡,com.kakao.talk,False,MOVE_TO_FOREGROUND,False
1558000480342,카카오톡,com.kakao.talk,False,MOVE_TO_BACKGROUND,False
1558000480375,카카오톡,com.kakao.talk,False,MOVE_TO_FOREGROUND,False
1558000480429,카카오톡,com.kakao.talk,False,MOVE_TO_BACKGROUND,False
1558000480476,카카오톡,com.kakao.talk,False,MOVE_TO_FOREGROUND,False
1558000480672,카카오톡,com.kakao.talk,False,MOVE_TO_BACKGROUND,False
1558000481127,카카오톡,com.kakao.talk,False,MOVE_TO_FOREGROUND,False
1558000483197,카카오톡,com.kakao.talk,False,MOVE_TO_BACKGROUND,False
1558000483206,카카오톡,com.kakao.talk,False,MOVE_TO_FOREGROUND,False
1558000484490,카카오톡,com.kakao.talk,False,MOVE_TO_BACKGROUND,False
1558000484510,카카오톡,com.kakao.talk,False,MOVE_TO_FOREGROUND,False
1558000492810,카카오톡,com.kakao.talk,False,MOVE_TO_BACKGROUND,False
1558000492821,카카오톡,com.kakao.talk,False,MOVE_TO_FOREGROUND,False
1558000497309,카카오톡,com.kakao.talk,False,MOVE_TO_BACKGROUND,False
1558000497344,카카오톡,com.kakao.talk,False,MOVE_TO_FOREGROUND,False
1558000499985,카카오톡,com.kakao.talk,False,MOVE_TO_BACKGROUND,False
1558000500004,카카오톡,com.kakao.talk,False,MOVE_TO_FOREGROUND,False
1558000501211,카카오톡,com.kakao.talk,False,MOVE_TO_BACKGROUND,False
1558000501224,카카오톡,com.kakao.talk,False,MOVE_TO_FOREGROUND,False
1558000502296,카카오톡,com.kakao.talk,False,MOVE_TO_BACKGROUND,False
1558000502314,카카오톡,com.kakao.talk,False,MOVE_TO_FOREGROUND,False
1558000502935,카카오톡,com.kakao.talk,False,MOVE_TO_BACKGROUND,False
1558000502946,카카오톡,com.kakao.talk,False,MOVE_TO_FOREGROUND,False
1558000503962,카카오톡,com.kakao.talk,False,MOVE_TO_BACKGROUND,False
1558000503972,카카오톡,com.kakao.talk,False,MOVE_TO_FOREGROUND,False
1558000505513,카카오톡,com.kakao.talk,False,MOVE_TO_BACKGROUND,False
1558000505545,카카오톡,com.kakao.talk,False,MOVE_TO_FOREGROUND,False
1558000506314,카카오톡,com.kakao.talk,False,MOVE_TO_BACKGROUND,False
1558000506330,카카오톡,com.kakao.talk,False,MOVE_TO_FOREGROUND,False
1558000553411,카카오톡,com.kakao.talk,False,MOVE_TO_BACKGROUND,False
1558000553533,기본홈(홈&앱서랍),com.lge.launcher2,False,MOVE_TO_FOREGROUND,False
1558000561252,기본홈(홈&앱서랍),com.lge.launcher2,False,MOVE_TO_BACKGROUND,False
1558000561376,Vivino,vivino.web.app,False,MOVE_TO_FOREGROUND,False
1558000563584,Vivino,vivino.web.app,False,MOVE_TO_BACKGROUND,False
1558000563631,Vivino,vivino.web.app,False,MOVE_TO_FOREGROUND,False
1558000728532,카카오톡,com.kakao.talk,False,USER_INTERACTION,False
1558000729030,Dropsync,com.ttxapps.dropsync,False,USER_INTERACTION,False
1558000737926,Vivino,vivino.web.app,False,MOVE_TO_BACKGROUND,False
1558000738017,Vivino,vivino.web.app,False,MOVE_TO_FOREGROUND,False
1558000741971,Vivino,vivino.web.app,False,MOVE_TO_BACKGROUND,False
1558000741993,Vivino,vivino.web.app,False,MOVE_TO_FOREGROUND,False
1558000743047,Vivino,vivino.web.app,False,MOVE_TO_BACKGROUND,False
1558000743132,Vivino,vivino.web.app,False,MOVE_TO_FOREGROUND,False
1558000745889,Vivino,vivino.web.app,False,MOVE_TO_BACKGROUND,False
1558000745971,기본홈(홈&앱서랍),com.lge.launcher2,False,MOVE_TO_FOREGROUND,False
1558000746680,기본홈(홈&앱서랍),com.lge.launcher2,False,MOVE_TO_BACKGROUND,False
1558000746700,카카오톡,com.kakao.talk,False,MOVE_TO_FOREGROUND,False
1558000746752,카카오톡,com.kakao.talk,False,MOVE_TO_BACKGROUND,False
1558000746801,카카오톡,com.kakao.talk,False,MOVE_TO_FOREGROUND,False
1558000748230,카카오톡,com.kakao.talk,False,MOVE_TO_BACKGROUND,False
1558000748250,카카오톡,com.kakao.talk,False,MOVE_TO_FOREGROUND,False
1558000794668,카카오톡,com.kakao.talk,False,MOVE_TO_BACKGROUND,False
1558000794728,기본홈(홈&앱서랍),com.lge.launcher2,False,MOVE_TO_FOREGROUND,False
1558000795531,기본홈(홈&앱서랍),com.lge.launcher2,False,MOVE_TO_BACKGROUND,False
1558000795547,카카오톡,com.kakao.talk,False,MOVE_TO_FOREGROUND,False
1558000797436,카카오톡,com.kakao.talk,False,MOVE_TO_BACKGROUND,False
1558000797454,카카오톡,com.kakao.talk,False,MOVE_TO_FOREGROUND,False
1558000801388,카카오톡,com.kakao.talk,False,MOVE_TO_BACKGROUND,False
1558000801400,카카오톡,com.kakao.talk,False,MOVE_TO_FOREGROUND,False
1558000802808,카카오톡,com.kakao.talk,False,MOVE_TO_BACKGROUND,False
1558000802818,카카오톡,com.kakao.talk,False,MOVE_TO_FOREGROUND,False
1558000804051,카카오톡,com.kakao.talk,False,MOVE_TO_BACKGROUND,False
1558000804066,카카오톡,com.kakao.talk,False,MOVE_TO_FOREGROUND,False
1558000806410,카카오톡,com.kakao.talk,False,MOVE_TO_BACKGROUND,False
1558000806442,카카오톡,com.kakao.talk,False,MOVE_TO_FOREGROUND,False
1558000808528,카카오톡,com.kakao.talk,False,MOVE_TO_BACKGROUND,False
1558000808540,카카오톡,com.kakao.talk,False,MOVE_TO_FOREGROUND,False
1558000811951,카카오톡,com.kakao.talk,False,MOVE_TO_BACKGROUND,False
1558000811986,카카오톡,com.kakao.talk,False,MOVE_TO_FOREGROUND,False
1558000834653,카카오톡,com.kakao.talk,False,MOVE_TO_BACKGROUND,False
1558000834669,카카오톡,com.kakao.talk,False,MOVE_TO_FOREGROUND,False
1558000838214,Dropsync,com.ttxapps.dropsync,False,USER_INTERACTION,False
1558000838215,카카오톡,com.kakao.talk,False,USER_INTERACTION,False
1558000855990,카카오톡,com.kakao.talk,False,USER_INTERACTION,False
1558000889652,카카오톡,com.kakao.talk,False,MOVE_TO_BACKGROUND,False
1558000889687,카카오톡,com.kakao.talk,False,MOVE_TO_FOREGROUND,False
1558000897541,카카오톡,com.kakao.talk,False,MOVE_TO_BACKGROUND,False
1558000897560,카카오톡,com.kakao.talk,False,MOVE_TO_FOREGROUND,False
1558000979718,카카오톡,com.kakao.talk,False,MOVE_TO_BACKGROUND,False
1558000979731,카카오톡,com.kakao.talk,False,MOVE_TO_FOREGROUND,False
1558000980956,카카오톡,com.kakao.talk,False,MOVE_TO_BACKGROUND,False
1558000980979,카카오톡,com.kakao.talk,False,MOVE_TO_FOREGROUND,False
1558000988865,카카오톡,com.kakao.talk,False,MOVE_TO_BACKGROUND,False
1558000988904,기본홈(홈&앱서랍),com.lge.launcher2,False,MOVE_TO_FOREGROUND,False
1558000989696,기본홈(홈&앱서랍),com.lge.launcher2,False,MOVE_TO_BACKGROUND,False
1558000993897,해피스크린,kr.co.happymobile.happyscreen,False,MOVE_TO_FOREGROUND,False
1558000993903,해피스크린,kr.co.happymobile.happyscreen,False,MOVE_TO_BACKGROUND,False
1558001172496,해피스크린,kr.co.happymobile.happyscreen,False,MOVE_TO_FOREGROUND,False
1558001174668,해피스크린,kr.co.happymobile.happyscreen,False,MOVE_TO_BACKGROUND,False
1558001174772,기본홈(홈&앱서랍),com.lge.launcher2,False,MOVE_TO_FOREGROUND,False
1558001175191,기본홈(홈&앱서랍),com.lge.launcher2,False,MOVE_TO_BACKGROUND,False
1558001175447,카카오톡,com.kakao.talk,False,USER_INTERACTION,False
1558001176353,기본홈(홈&앱서랍),com.lge.launcher2,False,MOVE_TO_FOREGROUND,False
1558001177401,기본홈(홈&앱서랍),com.lge.launcher2,False,MOVE_TO_BACKGROUND,False
1558001177420,카카오톡,com.kakao.talk,False,MOVE_TO_FOREGROUND,False
1558001177494,카카오톡,com.kakao.talk,False,MOVE_TO_BACKGROUND,False
1558001177713,카카오톡,com.kakao.talk,False,MOVE_TO_FOREGROUND,False
1558001179052,카카오톡,com.kakao.talk,False,MOVE_TO_BACKGROUND,False
1558001179061,카카오톡,com.kakao.talk,False,MOVE_TO_FOREGROUND,False
1558001180971,카카오톡,com.kakao.talk,False,MOVE_TO_BACKGROUND,False
1558001181009,카카오톡,com.kakao.talk,False,MOVE_TO_FOREGROUND,False
1558001236106,카카오톡,com.kakao.talk,False,MOVE_TO_BACKGROUND,False
1558001236138,카카오톡,com.kakao.talk,False,MOVE_TO_FOREGROUND,False
1558001237790,카카오톡,com.kakao.talk,False,MOVE_TO_BACKGROUND,False
1558001237833,카카오톡,com.kakao.talk,False,MOVE_TO_FOREGROUND,False
1558001276752,카카오톡,com.kakao.talk,False,MOVE_TO_BACKGROUND,False
1558001276766,카카오톡,com.kakao.talk,False,MOVE_TO_FOREGROUND,False
1558001277872,카카오톡,com.kakao.talk,False,MOVE_TO_BACKGROUND,False
1558001277905,카카오톡,com.kakao.talk,False,MOVE_TO_FOREGROUND,False
1558001279023,카카오톡,com.kakao.talk,False,MOVE_TO_BACKGROUND,False
1558001279063,카카오톡,com.kakao.talk,False,MOVE_TO_FOREGROUND,False
1558001283210,카카오톡,com.kakao.talk,False,MOVE_TO_BACKGROUND,False
1558001284415,해피스크린,kr.co.happymobile.happyscreen,False,MOVE_TO_BACKGROUND,False
1558001327182,해피스크린,kr.co.happymobile.happyscreen,False,MOVE_TO_FOREGROUND,False
1558001329646,카카오톡,com.kakao.talk,False,USER_INTERACTION,False
1558001331363,ABC Logger,kaist.iclab.abclogger,False,USER_INTERACTION,False
1558001332287,해피스크린,kr.co.happymobile.happyscreen,False,MOVE_TO_BACKGROUND,False
1558001333256,해피스크린,kr.co.happymobile.happyscreen,False,MOVE_TO_BACKGROUND,False
1558001333257,해피스크린,kr.co.happymobile.happyscreen,False,MOVE_TO_FOREGROUND,False
1558001349701,해피스크린,kr.co.happymobile.happyscreen,False,MOVE_TO_FOREGROUND,False
1558001350818,해피스크린,kr.co.happymobile.happyscreen,False,MOVE_TO_BACKGROUND,False
1558001350886,카카오톡,com.kakao.talk,False,MOVE_TO_FOREGROUND,False
1558001350933,카카오톡,com.kakao.talk,False,MOVE_TO_BACKGROUND,False
1558001351053,카카오톡,com.kakao.talk,False,MOVE_TO_FOREGROUND,False
1558001355611,카카오톡,com.kakao.talk,False,MOVE_TO_BACKGROUND,False
1558001355649,기본홈(홈&앱서랍),com.lge.launcher2,False,MOVE_TO_FOREGROUND,False
1558001356839,기본홈(홈&앱서랍),com.lge.launcher2,False,MOVE_TO_BACKGROUND,False
1558001356850,Logger,iclab.kaist.ac.kr.msband_logger,False,MOVE_TO_FOREGROUND,False
1558001360715,Logger,iclab.kaist.ac.kr.msband_logger,False,MOVE_TO_BACKGROUND,False
1558001361281,기본홈(홈&앱서랍),com.lge.launcher2,False,MOVE_TO_FOREGROUND,False
1558001493858,카카오톡,com.kakao.talk,False,USER_INTERACTION,False
1558001496835,기본홈(홈&앱서랍),com.lge.launcher2,False,MOVE_TO_BACKGROUND,False
1558001497859,해피스크린,kr.co.happymobile.happyscreen,False,MOVE_TO_FOREGROUND,False
1558001497860,해피스크린,kr.co.happymobile.happyscreen,False,MOVE_TO_BACKGROUND,False
1558001640560,해피스크린,kr.co.happymobile.happyscreen,False,MOVE_TO_FOREGROUND,False
1558001670601,해피스크린,kr.co.happymobile.happyscreen,False,MOVE_TO_BACKGROUND,False
1558001671926,해피스크린,kr.co.happymobile.happyscreen,False,MOVE_TO_FOREGROUND,False
1558002123065,해피스크린,kr.co.happymobile.happyscreen,False,MOVE_TO_FOREGROUND,False
1558002124355,올레 tv 모바일,com.kt.otv,False,USER_INTERACTION,False
1558002124855,ABC Logger,kaist.iclab.abclogger,False,USER_INTERACTION,False
1558002128705,해피스크린,kr.co.happymobile.happyscreen,False,MOVE_TO_BACKGROUND,False
1558002128795,기본홈(홈&앱서랍),com.lge.launcher2,False,MOVE_TO_FOREGROUND,False
1558002129865,기본홈(홈&앱서랍),com.lge.launcher2,False,MOVE_TO_BACKGROUND,False
1558002129880,카카오톡,com.kakao.talk,False,MOVE_TO_FOREGROUND,False
1558002130858,카카오톡,com.kakao.talk,False,MOVE_TO_BACKGROUND,False
1558002130866,카카오톡,com.kakao.talk,False,MOVE_TO_FOREGROUND,False
1558002132527,카카오톡,com.kakao.talk,False,MOVE_TO_BACKGROUND,False
1558002132552,카카오톡,com.kakao.talk,False,MOVE_TO_FOREGROUND,False
1558002148164,카카오톡,com.kakao.talk,False,MOVE_TO_BACKGROUND,False
1558002148174,카카오톡,com.kakao.talk,False,MOVE_TO_FOREGROUND,False
1558002150527,카카오톡,com.kakao.talk,False,MOVE_TO_BACKGROUND,False
1558002151690,해피스크린,kr.co.happymobile.happyscreen,False,MOVE_TO_FOREGROUND,False
1558002151691,해피스크린,kr.co.happymobile.happyscreen,False,MOVE_TO_BACKGROUND,False
1558002512297,해피스크린,kr.co.happymobile.happyscreen,False,MOVE_TO_FOREGROUND,False
1558002513900,카카오톡,com.kakao.talk,False,USER_INTERACTION,False
1558002516561,해피스크린,kr.co.happymobile.happyscreen,False,MOVE_TO_BACKGROUND,False
1558002516653,카카오톡,com.kakao.talk,False,MOVE_TO_FOREGROUND,False
1558002516712,카카오톡,com.kakao.talk,False,MOVE_TO_BACKGROUND,False
1558002516970,카카오톡,com.kakao.talk,False,MOVE_TO_FOREGROUND,False
1558002518780,카카오톡,com.kakao.talk,False,MOVE_TO_BACKGROUND,False
1558002518799,카카오톡,com.kakao.talk,False,MOVE_TO_FOREGROUND,False
1558002539690,카카오톡,com.kakao.talk,False,MOVE_TO_BACKGROUND,False
1558002540852,해피스크린,kr.co.happymobile.happyscreen,False,MOVE_TO_BACKGROUND,False
1558002542884,해피스크린,kr.co.happymobile.happyscreen,False,MOVE_TO_FOREGROUND,False
1558002552836,해피스크린,kr.co.happymobile.happyscreen,False,MOVE_TO_BACKGROUND,False
1558002553938,해피스크린,kr.co.happymobile.happyscreen,False,MOVE_TO_FOREGROUND,False
1558002977531,해피스크린,kr.co.happymobile.happyscreen,False,MOVE_TO_FOREGROUND,False
1558002979329,Cyworld,com.btb.minihompy,False,USER_INTERACTION,False
1558002985502,해피스크린,kr.co.happymobile.happyscreen,False,MOVE_TO_BACKGROUND,False
1558002985606,Paco,com.pacoapp.paco,False,MOVE_TO_FOREGROUND,False
1558003001146,Paco,com.pacoapp.paco,False,MOVE_TO_BACKGROUND,False
1558003001174,Paco,com.pacoapp.paco,False,MOVE_TO_FOREGROUND,False
1558003248275,Paco,com.pacoapp.paco,False,MOVE_TO_BACKGROUND,False
1558003248314,기본홈(홈&앱서랍),com.lge.launcher2,False,MOVE_TO_FOREGROUND,False
1558003251189,기본홈(홈&앱서랍),com.lge.launcher2,False,MOVE_TO_BACKGROUND,False
1558003251214,카카오톡,com.kakao.talk,False,MOVE_TO_FOREGROUND,False
1558003251278,카카오톡,com.kakao.talk,False,MOVE_TO_BACKGROUND,False
1558003251576,카카오톡,com.kakao.talk,False,MOVE_TO_FOREGROUND,False
1558003252825,카카오톡,com.kakao.talk,False,MOVE_TO_BACKGROUND,False
1558003252850,카카오톡,com.kakao.talk,False,MOVE_TO_FOREGROUND,False
1558003259171,카카오톡,com.kakao.talk,False,MOVE_TO_BACKGROUND,False
1558003259201,카카오톡,com.kakao.talk,False,MOVE_TO_FOREGROUND,False
1558003364157,카카오톡,com.kakao.talk,False,MOVE_TO_BACKGROUND,False
1558003364213,카카오톡,com.kakao.talk,False,MOVE_TO_FOREGROUND,False
1558003365113,카카오톡,com.kakao.talk,False,MOVE_TO_BACKGROUND,False
1558003365209,기본홈(홈&앱서랍),com.lge.launcher2,False,MOVE_TO_FOREGROUND,False
1558003365853,기본홈(홈&앱서랍),com.lge.launcher2,False,MOVE_TO_BACKGROUND,False
1558003366938,해피스크린,kr.co.happymobile.happyscreen,False,MOVE_TO_FOREGROUND,False
1558004323965,해피스크린,kr.co.happymobile.happyscreen,False,MOVE_TO_FOREGROUND,False
1558004333883,해피스크린,kr.co.happymobile.happyscreen,False,MOVE_TO_BACKGROUND,False
1558004334955,해피스크린,kr.co.happymobile.happyscreen,False,MOVE_TO_FOREGROUND,False
1558004540317,해피스크린,kr.co.happymobile.happyscreen,False,MOVE_TO_FOREGROUND,False
1558004542270,티몬,com.tmon,False,USER_INTERACTION,False
1558004542769,카카오톡,com.kakao.talk,False,USER_INTERACTION,False
1558004546175,ABC Logger,kaist.iclab.abclogger,False,USER_INTERACTION,False
1558004548584,해피스크린,kr.co.happymobile.happyscreen,False,MOVE_TO_BACKGROUND,False
1558004549547,해피스크린,kr.co.happymobile.happyscreen,False,MOVE_TO_FOREGROUND,False
1558006170165,해피스크린,kr.co.happymobile.happyscreen,False,MOVE_TO_FOREGROUND,False
1558006172649,해피스크린,kr.co.happymobile.happyscreen,False,MOVE_TO_BACKGROUND,False
1558006172855,기본홈(홈&앱서랍),com.lge.launcher2,False,MOVE_TO_FOREGROUND,False
1558006173586,Paco,com.pacoapp.paco,False,USER_INTERACTION,False
1558006174085,카카오톡,com.kakao.talk,False,USER_INTERACTION,False
1558006174288,기본홈(홈&앱서랍),com.lge.launcher2,False,MOVE_TO_BACKGROUND,False
1558006174318,Paco,com.pacoapp.paco,False,MOVE_TO_FOREGROUND,False
1558006185925,Paco,com.pacoapp.paco,False,MOVE_TO_BACKGROUND,False
1558006185951,Paco,com.pacoapp.paco,False,MOVE_TO_FOREGROUND,False
1558006190955,Paco,com.pacoapp.paco,False,MOVE_TO_BACKGROUND,False
1558006191009,기본홈(홈&앱서랍),com.lge.launcher2,False,MOVE_TO_FOREGROUND,False
1558006191859,기본홈(홈&앱서랍),com.lge.launcher2,False,MOVE_TO_BACKGROUND,False
1558006195964,해피스크린,kr.co.happymobile.happyscreen,False,MOVE_TO_FOREGROUND,False
1558006195969,해피스크린,kr.co.happymobile.happyscreen,False,MOVE_TO_BACKGROUND,False
1558006260929,해피스크린,kr.co.happymobile.happyscreen,False,MOVE_TO_FOREGROUND,False
1558006262143,해피스크린,kr.co.happymobile.happyscreen,False,MOVE_TO_BACKGROUND,False
1558006262210,기본홈(홈&앱서랍),com.lge.launcher2,False,MOVE_TO_FOREGROUND,False
1558006262518,기본홈(홈&앱서랍),com.lge.launcher2,False,MOVE_TO_BACKGROUND,False
1558006263452,기본홈(홈&앱서랍),com.lge.launcher2,False,MOVE_TO_FOREGROUND,False
1558006264144,기본홈(홈&앱서랍),com.lge.launcher2,False,MOVE_TO_BACKGROUND,False
1558006264174,카카오톡,com.kakao.talk,False,MOVE_TO_FOREGROUND,False
1558006265092,카카오톡,com.kakao.talk,False,MOVE_TO_BACKGROUND,False
1558006265105,카카오톡,com.kakao.talk,False,MOVE_TO_FOREGROUND,False
1558006265135,카카오톡,com.kakao.talk,False,MOVE_TO_BACKGROUND,False
1558006265163,카카오톡,com.kakao.talk,False,MOVE_TO_FOREGROUND,False
1558006265354,카카오톡,com.kakao.talk,False,USER_INTERACTION,False
1558006265611,카카오톡,com.kakao.talk,False,MOVE_TO_BACKGROUND,False
1558006265858,ABC Logger,kaist.iclab.abclogger,False,USER_INTERACTION,False
1558006266099,카카오톡,com.kakao.talk,False,MOVE_TO_FOREGROUND,False
1558006268190,카카오톡,com.kakao.talk,False,MOVE_TO_BACKGROUND,False
1558006268200,카카오톡,com.kakao.talk,False,MOVE_TO_FOREGROUND,False
1558006270159,카카오톡,com.kakao.talk,False,MOVE_TO_BACKGROUND,False
1558006270185,카카오톡,com.kakao.talk,False,MOVE_TO_FOREGROUND,False
1558006333266,카카오톡,com.kakao.talk,False,MOVE_TO_BACKGROUND,False
1558006333275,카카오톡,com.kakao.talk,False,MOVE_TO_FOREGROUND,False
1558006340643,카카오톡,com.kakao.talk,False,MOVE_TO_BACKGROUND,False
1558006340683,카카오톡,com.kakao.talk,False,MOVE_TO_FOREGROUND,False
1558006349581,카카오톡,com.kakao.talk,False,MOVE_TO_BACKGROUND,False
1558006349591,카카오톡,com.kakao.talk,False,MOVE_TO_FOREGROUND,False
1558006353294,카카오톡,com.kakao.talk,False,MOVE_TO_BACKGROUND,False
1558006354417,해피스크린,kr.co.happymobile.happyscreen,False,MOVE_TO_BACKGROUND,False
1558006359086,해피스크린,kr.co.happymobile.happyscreen,False,MOVE_TO_FOREGROUND,False
1558006360177,해피스크린,kr.co.happymobile.happyscreen,False,MOVE_TO_BACKGROUND,False
1558006360259,카카오톡,com.kakao.talk,False,MOVE_TO_FOREGROUND,False
1558006360365,카카오톡,com.kakao.talk,False,MOVE_TO_BACKGROUND,False
1558006360528,카카오톡,com.kakao.talk,False,MOVE_TO_FOREGROUND,False
1558006363003,카카오톡,com.kakao.talk,False,MOVE_TO_BACKGROUND,False
1558006363020,카카오톡,com.kakao.talk,False,MOVE_TO_FOREGROUND,False
1558006365849,카카오톡,com.kakao.talk,False,MOVE_TO_BACKGROUND,False
1558006365896,기본홈(홈&앱서랍),com.lge.launcher2,False,MOVE_TO_FOREGROUND,False
1558006367791,기본홈(홈&앱서랍),com.lge.launcher2,False,MOVE_TO_BACKGROUND,False
1558006367811,Polar Beat,fi.polar.beat,False,MOVE_TO_FOREGROUND,False
1558006368526,Polar Beat,fi.polar.beat,False,MOVE_TO_BACKGROUND,False
1558006368535,Polar Beat,fi.polar.beat,False,MOVE_TO_FOREGROUND,False
1558006368979,Polar Beat,fi.polar.beat,False,MOVE_TO_BACKGROUND,False
1558006369098,Polar Beat,fi.polar.beat,False,MOVE_TO_FOREGROUND,False
1558006369609,Polar Beat,fi.polar.beat,False,MOVE_TO_BACKGROUND,False
1558006369801,기본홈(홈&앱서랍),com.lge.launcher2,False,MOVE_TO_FOREGROUND,False
1558006372052,기본홈(홈&앱서랍),com.lge.launcher2,False,MOVE_TO_BACKGROUND,False
1558006372274,갤러리,com.android.gallery3d,True,MOVE_TO_FOREGROUND,False
1558006406094,갤러리,com.android.gallery3d,True,MOVE_TO_BACKGROUND,False
1558006406201,기본홈(홈&앱서랍),com.lge.launcher2,False,MOVE_TO_FOREGROUND,False
1558006409132,기본홈(홈&앱서랍),com.lge.launcher2,False,MOVE_TO_BACKGROUND,False
1558006409151,카카오톡,com.kakao.talk,False,MOVE_TO_FOREGROUND,False
1558006409238,카카오톡,com.kakao.talk,False,MOVE_TO_BACKGROUND,False
1558006409671,카카오톡,com.kakao.talk,False,MOVE_TO_FOREGROUND,False
1558006411690,카카오톡,com.kakao.talk,False,MOVE_TO_BACKGROUND,False
1558006411702,카카오톡,com.kakao.talk,False,MOVE_TO_FOREGROUND,False
1558006415209,카카오톡,com.kakao.talk,False,MOVE_TO_BACKGROUND,False
1558006416818,해피스크린,kr.co.happymobile.happyscreen,False,MOVE_TO_FOREGROUND,False
1558006416819,해피스크린,kr.co.happymobile.happyscreen,False,MOVE_TO_BACKGROUND,False
1558007211303,해피스크린,kr.co.happymobile.happyscreen,False,MOVE_TO_FOREGROUND,False
1558007212665,해피스크린,kr.co.happymobile.happyscreen,False,MOVE_TO_BACKGROUND,False
1558007212792,카카오톡,com.kakao.talk,False,MOVE_TO_FOREGROUND,False
1558007213012,카카오톡,com.kakao.talk,False,MOVE_TO_BACKGROUND,False
1558007213524,카카오톡,com.kakao.talk,False,MOVE_TO_FOREGROUND,False
1558007216509,카카오톡,com.kakao.talk,False,MOVE_TO_BACKGROUND,False
1558007216523,카카오톡,com.kakao.talk,False,MOVE_TO_FOREGROUND,False
1558007220849,카카오톡,com.kakao.talk,False,MOVE_TO_BACKGROUND,False
1558007221861,해피스크린,kr.co.happymobile.happyscreen,False,MOVE_TO_BACKGROUND,False
1558007223320,해피스크린,kr.co.happymobile.happyscreen,False,MOVE_TO_FOREGROUND,False
1558007224600,해피스크린,kr.co.happymobile.happyscreen,False,MOVE_TO_BACKGROUND,False
1558007224730,카카오톡,com.kakao.talk,False,MOVE_TO_FOREGROUND,False
1558007224814,카카오톡,com.kakao.talk,False,MOVE_TO_BACKGROUND,False
1558007225041,카카오톡,com.kakao.talk,False,MOVE_TO_FOREGROUND,False
1558007226653,카카오톡,com.kakao.talk,False,MOVE_TO_BACKGROUND,False
1558007226756,기본홈(홈&앱서랍),com.lge.launcher2,False,MOVE_TO_FOREGROUND,False
1558007227664,기본홈(홈&앱서랍),com.lge.launcher2,False,MOVE_TO_BACKGROUND,False
1558007227691,카카오톡,com.kakao.talk,False,MOVE_TO_FOREGROUND,False
1558007228888,카카오톡,com.kakao.talk,False,MOVE_TO_BACKGROUND,False
1558007228911,카카오톡,com.kakao.talk,False,MOVE_TO_FOREGROUND,False
1558007229829,카카오톡,com.kakao.talk,False,MOVE_TO_BACKGROUND,False
1558007229871,카카오톡,com.kakao.talk,False,MOVE_TO_FOREGROUND,False
1558007244584,카카오톡,com.kakao.talk,False,MOVE_TO_BACKGROUND,False
1558007244625,카카오톡,com.kakao.talk,False,MOVE_TO_FOREGROUND,False
1558007249954,카카오톡,com.kakao.talk,False,MOVE_TO_BACKGROUND,False
1558007251075,해피스크린,kr.co.happymobile.happyscreen,False,MOVE_TO_FOREGROUND,False
1558007251076,해피스크린,kr.co.happymobile.happyscreen,False,MOVE_TO_BACKGROUND,False
1558007514607,해피스크린,kr.co.happymobile.happyscreen,False,MOVE_TO_FOREGROUND,False
1558007517775,카카오톡,com.kakao.talk,False,USER_INTERACTION,False
1558007518900,해피스크린,kr.co.happymobile.happyscreen,False,MOVE_TO_BACKGROUND,False
1558007519037,기본홈(홈&앱서랍),com.lge.launcher2,False,MOVE_TO_FOREGROUND,False
1558007519832,기본홈(홈&앱서랍),com.lge.launcher2,False,MOVE_TO_BACKGROUND,False
1558007519860,카카오톡,com.kakao.talk,False,MOVE_TO_FOREGROUND,False
1558007519963,카카오톡,com.kakao.talk,False,MOVE_TO_BACKGROUND,False
1558007520341,카카오톡,com.kakao.talk,False,MOVE_TO_FOREGROUND,False
1558007522036,카카오톡,com.kakao.talk,False,MOVE_TO_BACKGROUND,False
1558007522103,카카오톡,com.kakao.talk,False,MOVE_TO_FOREGROUND,False
1558007526773,카카오톡,com.kakao.talk,False,MOVE_TO_BACKGROUND,False
1558007526810,카카오톡,com.kakao.talk,False,MOVE_TO_FOREGROUND,False
1558007679350,카카오톡,com.kakao.talk,False,MOVE_TO_BACKGROUND,False
1558007679417,카카오톡,com.kakao.talk,False,MOVE_TO_FOREGROUND,False
1558007680948,카카오톡,com.kakao.talk,False,MOVE_TO_BACKGROUND,False
1558007681148,카카오톡,com.kakao.talk,False,MOVE_TO_FOREGROUND,False
1558007701281,카카오톡,com.kakao.talk,False,MOVE_TO_BACKGROUND,False
1558007701298,카카오톡,com.kakao.talk,False,MOVE_TO_FOREGROUND,False
1558007709561,카카오톡,com.kakao.talk,False,MOVE_TO_BACKGROUND,False
1558007710677,해피스크린,kr.co.happymobile.happyscreen,False,MOVE_TO_BACKGROUND,False
1558007710678,해피스크린,kr.co.happymobile.happyscreen,False,MOVE_TO_FOREGROUND,False
1558007777147,해피스크린,kr.co.happymobile.happyscreen,False,MOVE_TO_FOREGROUND,False
1558007778860,해피스크린,kr.co.happymobile.happyscreen,False,MOVE_TO_BACKGROUND,False
1558007778937,카카오톡,com.kakao.talk,False,MOVE_TO_FOREGROUND,False
1558007779008,카카오톡,com.kakao.talk,False,MOVE_TO_BACKGROUND,False
1558007779162,카카오톡,com.kakao.talk,False,MOVE_TO_FOREGROUND,False
1558007779634,카카오톡,com.kakao.talk,False,MOVE_TO_BACKGROUND,False
1558007779729,기본홈(홈&앱서랍),com.lge.launcher2,False,MOVE_TO_FOREGROUND,False
1558007782829,기본홈(홈&앱서랍),com.lge.launcher2,False,MOVE_TO_BACKGROUND,False
1558007782883,Polar Beat,fi.polar.beat,False,MOVE_TO_FOREGROUND,False
1558007789919,Polar Beat,fi.polar.beat,False,MOVE_TO_BACKGROUND,False
1558007789951,Polar Beat,fi.polar.beat,False,MOVE_TO_FOREGROUND,False
1558007804884,Polar Beat,fi.polar.beat,False,MOVE_TO_BACKGROUND,False
1558007804935,기본홈(홈&앱서랍),com.lge.launcher2,False,MOVE_TO_FOREGROUND,False
1558007806648,기본홈(홈&앱서랍),com.lge.launcher2,False,MOVE_TO_BACKGROUND,False
1558007806671,Logger,iclab.kaist.ac.kr.msband_logger,False,MOVE_TO_FOREGROUND,False
1558007806992,Logger,iclab.kaist.ac.kr.msband_logger,False,MOVE_TO_BACKGROUND,False
1558007807120,패키지 설치 프로그램,com.google.android.packageinstaller,True,MOVE_TO_FOREGROUND,False
1558007807362,패키지 설치 프로그램,com.google.android.packageinstaller,True,MOVE_TO_BACKGROUND,False
1558007807375,Logger,iclab.kaist.ac.kr.msband_logger,False,MOVE_TO_FOREGROUND,False
1558007815809,Logger,iclab.kaist.ac.kr.msband_logger,False,MOVE_TO_BACKGROUND,False
1558007816340,기본홈(홈&앱서랍),com.lge.launcher2,False,MOVE_TO_FOREGROUND,False
1558007820862,기본홈(홈&앱서랍),com.lge.launcher2,False,MOVE_TO_BACKGROUND,False
1558007822278,해피스크린,kr.co.happymobile.happyscreen,False,MOVE_TO_FOREGROUND,False
1558007822279,해피스크린,kr.co.happymobile.happyscreen,False,MOVE_TO_BACKGROUND,False
1558007871965,해피스크린,kr.co.happymobile.happyscreen,False,MOVE_TO_FOREGROUND,False
1558007873037,해피스크린,kr.co.happymobile.happyscreen,False,MOVE_TO_BACKGROUND,False
1558007873144,기본홈(홈&앱서랍),com.lge.launcher2,False,MOVE_TO_FOREGROUND,False
1558007878034,기본홈(홈&앱서랍),com.lge.launcher2,False,MOVE_TO_BACKGROUND,False
1558007878063,갤러리,com.android.gallery3d,True,MOVE_TO_FOREGROUND,False
1558007878733,카카오톡,com.kakao.talk,False,USER_INTERACTION,False
1558007880058,카카오톡,com.kakao.talk,False,USER_INTERACTION,False
1558007884977,갤러리,com.android.gallery3d,True,MOVE_TO_BACKGROUND,False
1558007885151,기본홈(홈&앱서랍),com.lge.launcher2,False,MOVE_TO_FOREGROUND,False
1558007887150,기본홈(홈&앱서랍),com.lge.launcher2,False,MOVE_TO_BACKGROUND,False
1558007887218,Logger,iclab.kaist.ac.kr.msband_logger,False,MOVE_TO_FOREGROUND,False
1558007893950,Logger,iclab.kaist.ac.kr.msband_logger,False,MOVE_TO_BACKGROUND,False
1558007893981,시스템 UI,com.android.systemui,True,MOVE_TO_FOREGROUND,False
1558007896145,시스템 UI,com.android.systemui,True,MOVE_TO_BACKGROUND,False
1558007896166,기본홈(홈&앱서랍),com.lge.launcher2,False,MOVE_TO_FOREGROUND,False
1558007897472,기본홈(홈&앱서랍),com.lge.launcher2,False,MOVE_TO_BACKGROUND,False
1558007897488,Logger,iclab.kaist.ac.kr.msband_logger,False,MOVE_TO_FOREGROUND,False
1558007898445,Logger,iclab.kaist.ac.kr.msband_logger,False,MOVE_TO_BACKGROUND,False
1558007898604,패키지 설치 프로그램,com.google.android.packageinstaller,True,MOVE_TO_FOREGROUND,False
1558007898804,패키지 설치 프로그램,com.google.android.packageinstaller,True,MOVE_TO_BACKGROUND,False
1558007898822,Logger,iclab.kaist.ac.kr.msband_logger,False,MOVE_TO_FOREGROUND,False
1558007901130,Logger,iclab.kaist.ac.kr.msband_logger,False,MOVE_TO_BACKGROUND,False
1558007901185,기본홈(홈&앱서랍),com.lge.launcher2,False,MOVE_TO_FOREGROUND,False
1558007902545,기본홈(홈&앱서랍),com.lge.launcher2,False,MOVE_TO_BACKGROUND,False
1558007906128,해피스크린,kr.co.happymobile.happyscreen,False,MOVE_TO_FOREGROUND,False
1558007906132,해피스크린,kr.co.happymobile.happyscreen,False,MOVE_TO_BACKGROUND,False
1558011872347,해피스크린,kr.co.happymobile.happyscreen,False,MOVE_TO_FOREGROUND,False
1558011873770,해피스크린,kr.co.happymobile.happyscreen,False,MOVE_TO_BACKGROUND,False
1558011873891,기본홈(홈&앱서랍),com.lge.launcher2,False,MOVE_TO_FOREGROUND,False
1558011874632,카카오뱅크,com.kakaobank.channel,False,USER_INTERACTION,False
1558011875135,카카오톡,com.kakao.talk,False,USER_INTERACTION,False
1558011875837,기본홈(홈&앱서랍),com.lge.launcher2,False,MOVE_TO_BACKGROUND,False
1558011875871,카카오톡,com.kakao.talk,False,MOVE_TO_FOREGROUND,False
1558011876758,카카오톡,com.kakao.talk,False,MOVE_TO_BACKGROUND,False
1558011876790,카카오톡,com.kakao.talk,False,MOVE_TO_FOREGROUND,False
1558011877609,카카오톡,com.kakao.talk,False,MOVE_TO_BACKGROUND,False
1558011877655,카카오톡,com.kakao.talk,False,MOVE_TO_FOREGROUND,False
1558011896699,카카오톡,com.kakao.talk,False,MOVE_TO_BACKGROUND,False
1558011896717,카카오톡,com.kakao.talk,False,MOVE_TO_FOREGROUND,False
1558011897851,카카오톡,com.kakao.talk,False,MOVE_TO_BACKGROUND,False
1558011899074,해피스크린,kr.co.happymobile.happyscreen,False,MOVE_TO_BACKGROUND,False
1558012722663,해피스크린,kr.co.happymobile.happyscreen,False,MOVE_TO_FOREGROUND,False
1558012723879,해피스크린,kr.co.happymobile.happyscreen,False,MOVE_TO_BACKGROUND,False
1558012723982,카카오톡,com.kakao.talk,False,MOVE_TO_FOREGROUND,False
1558012724053,카카오톡,com.kakao.talk,False,MOVE_TO_BACKGROUND,False
1558012724278,카카오톡,com.kakao.talk,False,MOVE_TO_FOREGROUND,False
1558012725763,카카오톡,com.kakao.talk,False,MOVE_TO_BACKGROUND,False
1558012725775,카카오톡,com.kakao.talk,False,MOVE_TO_FOREGROUND,False
1558012726858,카카오톡,com.kakao.talk,False,MOVE_TO_BACKGROUND,False
1558012726876,카카오톡,com.kakao.talk,False,MOVE_TO_FOREGROUND,False
1558012729210,카카오톡,com.kakao.talk,False,MOVE_TO_BACKGROUND,False
1558012729217,카카오톡,com.kakao.talk,False,MOVE_TO_FOREGROUND,False
1558012730263,카카오톡,com.kakao.talk,False,MOVE_TO_BACKGROUND,False
1558012730285,카카오톡,com.kakao.talk,False,MOVE_TO_FOREGROUND,False
1558012738942,카카오톡,com.kakao.talk,False,MOVE_TO_BACKGROUND,False
1558012738953,카카오톡,com.kakao.talk,False,MOVE_TO_FOREGROUND,False
1558012740283,카카오톡,com.kakao.talk,False,MOVE_TO_BACKGROUND,False
1558012740308,카카오톡,com.kakao.talk,False,MOVE_TO_FOREGROUND,False
1558012745524,카카오톡,com.kakao.talk,False,MOVE_TO_BACKGROUND,False
1558012745544,카카오톡,com.kakao.talk,False,MOVE_TO_FOREGROUND,False
1558012746691,카카오톡,com.kakao.talk,False,MOVE_TO_BACKGROUND,False
1558012749362,해피스크린,kr.co.happymobile.happyscreen,False,MOVE_TO_FOREGROUND,False
1558012749363,해피스크린,kr.co.happymobile.happyscreen,False,MOVE_TO_BACKGROUND,False
1558012839735,해피스크린,kr.co.happymobile.happyscreen,False,MOVE_TO_FOREGROUND,False
1558012854330,해피스크린,kr.co.happymobile.happyscreen,False,MOVE_TO_BACKGROUND,False
1558012854472,카카오톡,com.kakao.talk,False,MOVE_TO_FOREGROUND,False
1558012854624,카카오톡,com.kakao.talk,False,MOVE_TO_BACKGROUND,False
1558012854822,카카오톡,com.kakao.talk,False,MOVE_TO_FOREGROUND,False
1558012857427,카카오톡,com.kakao.talk,False,MOVE_TO_BACKGROUND,False
1558012857440,카카오톡,com.kakao.talk,False,MOVE_TO_FOREGROUND,False
1558012859396,카카오톡,com.kakao.talk,False,MOVE_TO_BACKGROUND,False
1558012859426,카카오톡,com.kakao.talk,False,MOVE_TO_FOREGROUND,False
1558012869493,카카오톡,com.kakao.talk,False,MOVE_TO_BACKGROUND,False
1558012870010,해피스크린,kr.co.happymobile.happyscreen,False,MOVE_TO_BACKGROUND,False
1558012910771,해피스크린,kr.co.happymobile.happyscreen,False,MOVE_TO_FOREGROUND,False
1558012915827,해피스크린,kr.co.happymobile.happyscreen,False,MOVE_TO_BACKGROUND,False
1558012915918,카카오톡,com.kakao.talk,False,MOVE_TO_FOREGROUND,False
1558012915967,카카오톡,com.kakao.talk,False,MOVE_TO_BACKGROUND,False
1558012916044,카카오톡,com.kakao.talk,False,MOVE_TO_FOREGROUND,False
1558012917688,카카오톡,com.kakao.talk,False,MOVE_TO_BACKGROUND,False
1558012917702,카카오톡,com.kakao.talk,False,MOVE_TO_FOREGROUND,False
1558012972289,카카오톡,com.kakao.talk,False,MOVE_TO_BACKGROUND,False
1558012972304,카카오톡,com.kakao.talk,False,MOVE_TO_FOREGROUND,False
1558012973781,카카오톡,com.kakao.talk,False,MOVE_TO_BACKGROUND,False
1558012974880,해피스크린,kr.co.happymobile.happyscreen,False,MOVE_TO_BACKGROUND,False
1558013039269,해피스크린,kr.co.happymobile.happyscreen,False,MOVE_TO_FOREGROUND,False
1558013040905,해피스크린,kr.co.happymobile.happyscreen,False,MOVE_TO_BACKGROUND,False
1558013041077,카카오톡,com.kakao.talk,False,MOVE_TO_FOREGROUND,False
1558013041503,카카오톡,com.kakao.talk,False,MOVE_TO_BACKGROUND,False
1558013041928,카카오톡,com.kakao.talk,False,MOVE_TO_FOREGROUND,False
1558013043979,ABC Logger,kaist.iclab.abclogger,False,USER_INTERACTION,False
1558013054281,카카오톡,com.kakao.talk,False,MOVE_TO_BACKGROUND,False
1558013054343,카카오톡,com.kakao.talk,False,MOVE_TO_FOREGROUND,False
1558013055547,카카오톡,com.kakao.talk,False,MOVE_TO_BACKGROUND,False
1558013055586,카카오톡,com.kakao.talk,False,MOVE_TO_FOREGROUND,False
1558013071895,카카오톡,com.kakao.talk,False,MOVE_TO_BACKGROUND,False
1558013071906,카카오톡,com.kakao.talk,False,MOVE_TO_FOREGROUND,False
1558013078769,카카오톡,com.kakao.talk,False,MOVE_TO_BACKGROUND,False
1558013078859,기본홈(홈&앱서랍),com.lge.launcher2,False,MOVE_TO_FOREGROUND,False
1558013079452,기본홈(홈&앱서랍),com.lge.launcher2,False,MOVE_TO_BACKGROUND,False
1558013079532,주소록,com.android.contacts,True,MOVE_TO_FOREGROUND,False
1558013085918,주소록,com.android.contacts,True,MOVE_TO_BACKGROUND,False
1558013085938,통화 관리,com.android.server.telecom,True,MOVE_TO_FOREGROUND,False
1558013085987,통화 관리,com.android.server.telecom,True,MOVE_TO_BACKGROUND,False
1558013086159,통화 화면,com.android.incallui,True,MOVE_TO_FOREGROUND,False
1558013174540,통화 화면,com.android.incallui,True,MOVE_TO_BACKGROUND,False
1558013174636,주소록,com.android.contacts,True,MOVE_TO_FOREGROUND,False
1558013182155,주소록,com.android.contacts,True,MOVE_TO_BACKGROUND,False
1558013182209,기본홈(홈&앱서랍),com.lge.launcher2,False,MOVE_TO_FOREGROUND,False
1558013183074,기본홈(홈&앱서랍),com.lge.launcher2,False,MOVE_TO_BACKGROUND,False
1558013183092,카카오톡,com.kakao.talk,False,MOVE_TO_FOREGROUND,False
1558013183137,카카오톡,com.kakao.talk,False,MOVE_TO_BACKGROUND,False
1558013183339,카카오톡,com.kakao.talk,False,MOVE_TO_FOREGROUND,False
1558013186091,카카오톡,com.kakao.talk,False,MOVE_TO_BACKGROUND,False
1558013186101,카카오톡,com.kakao.talk,False,MOVE_TO_FOREGROUND,False
1558013189379,카카오톡,com.kakao.talk,False,MOVE_TO_BACKGROUND,False
1558013189427,카카오톡,com.kakao.talk,False,MOVE_TO_FOREGROUND,False
1558013202744,카카오톡,com.kakao.talk,False,MOVE_TO_BACKGROUND,False
1558013202760,카카오톡,com.kakao.talk,False,MOVE_TO_FOREGROUND,False
1558013213780,카카오톡,com.kakao.talk,False,MOVE_TO_BACKGROUND,False
1558013213807,카카오톡,com.kakao.talk,False,MOVE_TO_FOREGROUND,False
1558013227134,카카오톡,com.kakao.talk,False,MOVE_TO_BACKGROUND,False
1558013227143,카카오톡,com.kakao.talk,False,MOVE_TO_FOREGROUND,False
1558013229472,카카오톡,com.kakao.talk,False,MOVE_TO_BACKGROUND,False
1558013230908,해피스크린,kr.co.happymobile.happyscreen,False,MOVE_TO_BACKGROUND,False
1558013378352,해피스크린,kr.co.happymobile.happyscreen,False,MOVE_TO_FOREGROUND,False
1558013379526,해피스크린,kr.co.happymobile.happyscreen,False,MOVE_TO_BACKGROUND,False
1558013379694,카카오톡,com.kakao.talk,False,MOVE_TO_FOREGROUND,False
1558013379869,카카오톡,com.kakao.talk,False,MOVE_TO_BACKGROUND,False
1558013380236,카카오톡,com.kakao.talk,False,MOVE_TO_FOREGROUND,False
1558013382045,카카오톡,com.kakao.talk,False,MOVE_TO_BACKGROUND,False
1558013382054,카카오톡,com.kakao.talk,False,MOVE_TO_FOREGROUND,False
1558013383678,카카오톡,com.kakao.talk,False,MOVE_TO_BACKGROUND,False
1558013383722,카카오톡,com.kakao.talk,False,MOVE_TO_FOREGROUND,False
1558013403076,카카오톡,com.kakao.talk,False,MOVE_TO_BACKGROUND,False
1558013403089,카카오톡,com.kakao.talk,False,MOVE_TO_FOREGROUND,False
1558013406876,카카오톡,com.kakao.talk,False,MOVE_TO_BACKGROUND,False
1558013406896,카카오톡,com.kakao.talk,False,MOVE_TO_FOREGROUND,False
1558013421375,카카오톡,com.kakao.talk,False,MOVE_TO_BACKGROUND,False
1558013421383,카카오톡,com.kakao.talk,False,MOVE_TO_FOREGROUND,False
1558013422663,카카오톡,com.kakao.talk,False,MOVE_TO_BACKGROUND,False
1558013422696,카카오톡,com.kakao.talk,False,MOVE_TO_FOREGROUND,False
1558013423489,카카오톡,com.kakao.talk,False,MOVE_TO_BACKGROUND,False
1558013423498,카카오톡,com.kakao.talk,False,MOVE_TO_FOREGROUND,False
1558013426088,카카오톡,com.kakao.talk,False,MOVE_TO_BACKGROUND,False
1558013426138,기본홈(홈&앱서랍),com.lge.launcher2,False,MOVE_TO_FOREGROUND,False
1558013428277,기본홈(홈&앱서랍),com.lge.launcher2,False,MOVE_TO_BACKGROUND,False
1558013431192,해피스크린,kr.co.happymobile.happyscreen,False,MOVE_TO_FOREGROUND,False
1558013431196,해피스크린,kr.co.happymobile.happyscreen,False,MOVE_TO_BACKGROUND,False
1558018431097,해피스크린,kr.co.happymobile.happyscreen,False,MOVE_TO_FOREGROUND,False
1558018432618,해피스크린,kr.co.happymobile.happyscreen,False,MOVE_TO_BACKGROUND,False
1558018432909,기본홈(홈&앱서랍),com.lge.launcher2,False,MOVE_TO_FOREGROUND,False
1558018434410,기본홈(홈&앱서랍),com.lge.launcher2,False,MOVE_TO_BACKGROUND,False
1558018434482,카카오톡,com.kakao.talk,False,MOVE_TO_FOREGROUND,False
1558018434732,카카오톡,com.kakao.talk,False,MOVE_TO_BACKGROUND,False
1558018435267,카카오톡,com.kakao.talk,False,MOVE_TO_FOREGROUND,False
1558018438213,카카오톡,com.kakao.talk,False,MOVE_TO_BACKGROUND,False
1558018438244,카카오톡,com.kakao.talk,False,MOVE_TO_FOREGROUND,False
1558018440333,카카오톡,com.kakao.talk,False,MOVE_TO_BACKGROUND,False
1558018440373,카카오톡,com.kakao.talk,False,MOVE_TO_FOREGROUND,False
1558018443858,카카오톡,com.kakao.talk,False,MOVE_TO_BACKGROUND,False
1558018443891,카카오톡,com.kakao.talk,False,MOVE_TO_FOREGROUND,False
1558018444858,카카오톡,com.kakao.talk,False,MOVE_TO_BACKGROUND,False
1558018444886,카카오톡,com.kakao.talk,False,MOVE_TO_FOREGROUND,False
1558018453835,카카오톡,com.kakao.talk,False,MOVE_TO_BACKGROUND,False
1558018453844,카카오톡,com.kakao.talk,False,MOVE_TO_FOREGROUND,False
1558018455963,카카오톡,com.kakao.talk,False,MOVE_TO_BACKGROUND,False
1558018458087,해피스크린,kr.co.happymobile.happyscreen,False,MOVE_TO_FOREGROUND,False
1558018458088,해피스크린,kr.co.happymobile.happyscreen,False,MOVE_TO_BACKGROUND,False
1558018769109,해피스크린,kr.co.happymobile.happyscreen,False,MOVE_TO_FOREGROUND,False
1558018771066,해피스크린,kr.co.happymobile.happyscreen,False,MOVE_TO_BACKGROUND,False
1558018771382,카카오톡,com.kakao.talk,False,MOVE_TO_FOREGROUND,False
1558018771623,카카오톡,com.kakao.talk,False,MOVE_TO_BACKGROUND,False
1558018772132,카카오톡,com.kakao.talk,False,MOVE_TO_FOREGROUND,False
1558018773897,카카오톡,com.kakao.talk,False,MOVE_TO_BACKGROUND,False
1558018773957,기본홈(홈&앱서랍),com.lge.launcher2,False,MOVE_TO_FOREGROUND,False
1558018775935,기본홈(홈&앱서랍),com.lge.launcher2,False,MOVE_TO_BACKGROUND,False
1558018776756,YouTube,com.google.android.youtube,True,USER_INTERACTION,True
1558018778372,기본홈(홈&앱서랍),com.lge.launcher2,False,MOVE_TO_FOREGROUND,False
1558018779417,기본홈(홈&앱서랍),com.lge.launcher2,False,MOVE_TO_BACKGROUND,False
1558018779556,알람/시계,com.lge.clock,True,MOVE_TO_FOREGROUND,True
1558018785723,알람/시계,com.lge.clock,True,MOVE_TO_BACKGROUND,True
1558018787024,해피스크린,kr.co.happymobile.happyscreen,False,MOVE_TO_FOREGROUND,False
1558018787027,해피스크린,kr.co.happymobile.happyscreen,False,MOVE_TO_BACKGROUND,False
1558022002499,해피스크린,kr.co.happymobile.happyscreen,False,MOVE_TO_FOREGROUND,False
1558022014333,해피스크린,kr.co.happymobile.happyscreen,False,MOVE_TO_BACKGROUND,False
1558022015469,해피스크린,kr.co.happymobile.happyscreen,False,MOVE_TO_BACKGROUND,False
1558022015470,해피스크린,kr.co.happymobile.happyscreen,False,MOVE_TO_FOREGROUND,False
1558022109893,해피스크린,kr.co.happymobile.happyscreen,False,MOVE_TO_FOREGROUND,False
1558022110921,해피스크린,kr.co.happymobile.happyscreen,False,MOVE_TO_BACKGROUND,False
1558022111033,알람/시계,com.lge.clock,True,MOVE_TO_FOREGROUND,True
1558022111693,카카오톡,com.kakao.talk,False,USER_INTERACTION,False
1558022112192,ABC Logger,kaist.iclab.abclogger,False,USER_INTERACTION,False
1558022113737,카카오톡,com.kakao.talk,False,USER_INTERACTION,False
1558022116758,알람/시계,com.lge.clock,True,MOVE_TO_BACKGROUND,True
1558022117818,해피스크린,kr.co.happymobile.happyscreen,False,MOVE_TO_FOREGROUND,False
1558022117819,해피스크린,kr.co.happymobile.happyscreen,False,MOVE_TO_BACKGROUND,False
1558022193386,해피스크린,kr.co.happymobile.happyscreen,False,MOVE_TO_FOREGROUND,False
1558022197037,해피스크린,kr.co.happymobile.happyscreen,False,MOVE_TO_BACKGROUND,False
1558022197235,알람/시계,com.lge.clock,True,MOVE_TO_FOREGROUND,True
1558022199227,알람/시계,com.lge.clock,True,MOVE_TO_BACKGROUND,True
1558022199304,기본홈(홈&앱서랍),com.lge.launcher2,False,MOVE_TO_FOREGROUND,False
1558022199784,기본홈(홈&앱서랍),com.lge.launcher2,False,MOVE_TO_BACKGROUND,False
1558022199800,카카오톡,com.kakao.talk,False,MOVE_TO_FOREGROUND,False
1558022200802,카카오톡,com.kakao.talk,False,MOVE_TO_BACKGROUND,False
1558022200819,카카오톡,com.kakao.talk,False,MOVE_TO_FOREGROUND,False
1558022202309,카카오톡,com.kakao.talk,False,MOVE_TO_BACKGROUND,False
1558022202357,카카오톡,com.kakao.talk,False,MOVE_TO_FOREGROUND,False
1558022203395,카카오톡,com.kakao.talk,False,MOVE_TO_BACKGROUND,False
1558022203450,카카오톡,com.kakao.talk,False,MOVE_TO_FOREGROUND,False
1558022203986,카카오톡,com.kakao.talk,False,MOVE_TO_BACKGROUND,False
1558022204001,카카오톡,com.kakao.talk,False,MOVE_TO_FOREGROUND,False
1558022233982,카카오톡,com.kakao.talk,False,MOVE_TO_BACKGROUND,False
1558022234002,카카오톡,com.kakao.talk,False,MOVE_TO_FOREGROUND,False
1558022235288,카카오톡,com.kakao.talk,False,MOVE_TO_BACKGROUND,False
1558022236731,해피스크린,kr.co.happymobile.happyscreen,False,MOVE_TO_FOREGROUND,False
1558022236732,해피스크린,kr.co.happymobile.happyscreen,False,MOVE_TO_BACKGROUND,False
1558022365011,해피스크린,kr.co.happymobile.happyscreen,False,MOVE_TO_FOREGROUND,False
1558022366667,해피스크린,kr.co.happymobile.happyscreen,False,MOVE_TO_BACKGROUND,False
1558022366796,기본홈(홈&앱서랍),com.lge.launcher2,False,MOVE_TO_FOREGROUND,False
1558022367873,기본홈(홈&앱서랍),com.lge.launcher2,False,MOVE_TO_BACKGROUND,False
1558022367913,주소록,com.android.contacts,True,MOVE_TO_FOREGROUND,False
1558022370281,주소록,com.android.contacts,True,MOVE_TO_BACKGROUND,False
1558022370320,주소록,com.android.contacts,True,MOVE_TO_FOREGROUND,False
1558022372237,주소록,com.android.contacts,True,MOVE_TO_BACKGROUND,False
1558022372255,통화 관리,com.android.server.telecom,True,MOVE_TO_FOREGROUND,False
1558022372323,통화 관리,com.android.server.telecom,True,MOVE_TO_BACKGROUND,False
1558022372507,통화 화면,com.android.incallui,True,MOVE_TO_FOREGROUND,False
1558022428678,통화 화면,com.android.incallui,True,MOVE_TO_BACKGROUND,False
1558022428885,주소록,com.android.contacts,True,MOVE_TO_FOREGROUND,False
1558022428901,주소록,com.android.contacts,True,MOVE_TO_BACKGROUND,False
1558022430091,해피스크린,kr.co.happymobile.happyscreen,False,MOVE_TO_FOREGROUND,False
1558022433965,해피스크린,kr.co.happymobile.happyscreen,False,MOVE_TO_FOREGROUND,False
1558022451678,해피스크린,kr.co.happymobile.happyscreen,False,MOVE_TO_BACKGROUND,False
1558022451795,주소록,com.android.contacts,True,MOVE_TO_FOREGROUND,False
1558022452179,주소록,com.android.contacts,True,MOVE_TO_BACKGROUND,False
1558022452255,기본홈(홈&앱서랍),com.lge.launcher2,False,MOVE_TO_FOREGROUND,False
1558022454695,기본홈(홈&앱서랍),com.lge.launcher2,False,MOVE_TO_BACKGROUND,False
1558022457209,해피스크린,kr.co.happymobile.happyscreen,False,MOVE_TO_FOREGROUND,False
1558022457214,해피스크린,kr.co.happymobile.happyscreen,False,MOVE_TO_BACKGROUND,False
1558023241455,해피스크린,kr.co.happymobile.happyscreen,False,MOVE_TO_FOREGROUND,False
1558023251345,해피스크린,kr.co.happymobile.happyscreen,False,MOVE_TO_BACKGROUND,False
1558023252576,해피스크린,kr.co.happymobile.happyscreen,False,MOVE_TO_FOREGROUND,False
