timestamp,confidence,type
1557706762938,1.0,STILL
1557708580790,0.84,STILL
1557708580790,0.1,ON_FOOT
1557708580790,0.1,WALKING
1557708580790,0.03,UNKNOWN
1557708580790,0.01,IN_VEHICLE
1557708580790,0.01,ON_BICYCLE
1557709349726,1.0,STILL
1557709349930,1.0,STILL
1557709355973,1.0,STILL
1557710457867,0.3,ON_FOOT
1557710457867,0.3,WALKING
1557710457867,0.28,ON_BICYCLE
1557710457867,0.21,UNKNOWN
1557710457867,0.06,IN_VEHICLE
1557710457867,0.06,STILL
1557710457867,0.05,RUNNING
1557710468107,1.0,TILTING
1557710478347,1.0,ON_FOOT
1557710478347,1.0,WALKING
1557710484199,1.0,TILTING
1557710490050,0.84,ON_FOOT
1557710490050,0.84,WALKING
1557710490050,0.05,STILL
1557710490050,0.03,IN_VEHICLE
1557710490050,0.02,ON_BICYCLE
1557710490050,0.02,UNKNOWN
1557710490050,0.02,RUNNING
1557710496735,1.0,TILTING
1557710503420,1.0,ON_FOOT
1557710503420,1.0,WALKING
1557710514430,1.0,TILTING
1557710525440,0.86,ON_FOOT
1557710525440,0.75,WALKING
1557710525440,0.24,RUNNING
1557710525440,0.01,UNKNOWN
1557710525440,0.0,ON_BICYCLE
1557710540483,0.53,ON_FOOT
1557710540483,0.53,WALKING
1557710540483,0.21,UNKNOWN
1557710540483,0.07,RUNNING
1557710540483,0.05,IN_VEHICLE
1557710540483,0.05,ON_BICYCLE
1557710540483,0.05,STILL
1557710548030,1.0,TILTING
1557710555577,0.98,ON_FOOT
1557710555577,0.98,WALKING
1557710555577,0.01,ON_BICYCLE
1557710555577,0.01,UNKNOWN
1557710561527,1.0,TILTING
1557710567476,0.91,ON_FOOT
1557710567476,0.91,WALKING
1557710567476,0.03,UNKNOWN
1557710567476,0.02,RUNNING
1557710567476,0.01,IN_VEHICLE
1557710567476,0.01,ON_BICYCLE
1557710567476,0.01,STILL
1557710580470,0.81,ON_FOOT
1557710580470,0.81,WALKING
1557710580470,0.13,RUNNING
1557710580470,0.02,ON_BICYCLE
1557710580470,0.02,STILL
1557710580470,0.02,UNKNOWN
1557710587383,1.0,TILTING
1557710594296,1.0,ON_FOOT
1557710594296,1.0,WALKING
1557710609954,0.98,ON_FOOT
1557710609954,0.98,WALKING
1557710609954,0.02,UNKNOWN
1557710619222,1.0,TILTING
1557710628490,0.99,ON_FOOT
1557710628490,0.99,WALKING
1557710628490,0.01,UNKNOWN
1557710643646,0.62,ON_FOOT
1557710643646,0.62,WALKING
1557710643646,0.19,STILL
1557710643646,0.09,IN_VEHICLE
1557710643646,0.03,ON_BICYCLE
1557710643646,0.03,UNKNOWN
1557710643646,0.0,RUNNING
1557710646656,1.0,TILTING
1557710649666,0.31,STILL
1557710649666,0.21,IN_VEHICLE
1557710649666,0.19,ON_FOOT
1557710649666,0.19,WALKING
1557710649666,0.12,UNKNOWN
1557710649666,0.06,ON_BICYCLE
1557710649666,0.03,RUNNING
1557710661907,0.28,UNKNOWN
1557710661907,0.16,IN_VEHICLE
1557710661907,0.16,STILL
1557710661907,0.11,ON_BICYCLE
1557710661907,0.11,ON_FOOT
1557710661907,0.11,WALKING
1557710661907,0.07,RUNNING
1557710693321,0.4,UNKNOWN
1557710693321,0.1,IN_VEHICLE
1557710693321,0.1,ON_BICYCLE
1557710693321,0.1,ON_FOOT
1557710693321,0.1,STILL
1557710693321,0.1,WALKING
1557710693321,0.1,RUNNING
1557710713783,0.4,UNKNOWN
1557710713783,0.1,IN_VEHICLE
1557710713783,0.1,ON_BICYCLE
1557710713783,0.1,ON_FOOT
1557710713783,0.1,STILL
1557710713783,0.1,WALKING
1557710713783,0.1,RUNNING
1557710729766,0.3,UNKNOWN
1557710729766,0.16,STILL
1557710729766,0.15,ON_FOOT
1557710729766,0.15,WALKING
1557710729766,0.14,IN_VEHICLE
1557710729766,0.08,ON_BICYCLE
1557710729766,0.08,RUNNING
1557710746272,0.4,UNKNOWN
1557710746272,0.1,IN_VEHICLE
1557710746272,0.1,ON_BICYCLE
1557710746272,0.1,ON_FOOT
1557710746272,0.1,STILL
1557710746272,0.1,WALKING
1557710746272,0.1,RUNNING
1557710761391,0.31,UNKNOWN
1557710761391,0.18,STILL
1557710761391,0.15,IN_VEHICLE
1557710761391,0.09,ON_FOOT
1557710761391,0.09,WALKING
1557710761391,0.08,ON_BICYCLE
1557710761391,0.08,RUNNING
1557710771515,0.4,UNKNOWN
1557710771515,0.1,IN_VEHICLE
1557710771515,0.1,ON_BICYCLE
1557710771515,0.1,ON_FOOT
1557710771515,0.1,STILL
1557710771515,0.1,WALKING
1557710771515,0.1,RUNNING
1557710788788,0.31,UNKNOWN
1557710788788,0.27,IN_VEHICLE
1557710788788,0.09,ON_FOOT
1557710788788,0.09,WALKING
1557710788788,0.08,ON_BICYCLE
1557710788788,0.08,STILL
1557710788788,0.08,RUNNING
1557710821632,0.31,UNKNOWN
1557710821632,0.28,ON_FOOT
1557710821632,0.28,WALKING
1557710821632,0.11,STILL
1557710821632,0.08,IN_VEHICLE
1557710821632,0.08,ON_BICYCLE
1557710821632,0.08,RUNNING
1557710832924,0.52,IN_VEHICLE
1557710832924,0.15,STILL
1557710832924,0.12,UNKNOWN
1557710832924,0.08,ON_BICYCLE
1557710832924,0.08,ON_FOOT
1557710832924,0.08,WALKING
1557710832924,0.03,RUNNING
1557710848401,0.72,IN_VEHICLE
1557710848401,0.13,STILL
1557710848401,0.09,ON_BICYCLE
1557710848401,0.03,ON_FOOT
1557710848401,0.03,WALKING
1557710848401,0.02,UNKNOWN
1557710865080,0.86,IN_VEHICLE
1557710865080,0.11,STILL
1557710865080,0.02,UNKNOWN
1557710880160,0.89,IN_VEHICLE
1557710880160,0.09,STILL
1557710880160,0.01,UNKNOWN
1557710895229,0.35,IN_VEHICLE
1557710895229,0.27,UNKNOWN
1557710895229,0.1,STILL
1557710895229,0.07,ON_BICYCLE
1557710895229,0.07,ON_FOOT
1557710895229,0.07,WALKING
1557710895229,0.07,RUNNING
1557710906907,1.0,TILTING
1557710918584,0.56,ON_FOOT
1557710918584,0.56,WALKING
1557710918584,0.12,STILL
1557710918584,0.12,UNKNOWN
1557710918584,0.08,IN_VEHICLE
1557710918584,0.04,ON_BICYCLE
1557710918584,0.03,RUNNING
1557710924170,1.0,TILTING
1557710929756,0.96,ON_FOOT
1557710929756,0.96,WALKING
1557710929756,0.01,ON_BICYCLE
1557710929756,0.01,STILL
1557710929756,0.01,UNKNOWN
1557710929756,0.01,RUNNING
1557710932039,1.0,TILTING
1557710934321,0.94,ON_FOOT
1557710934321,0.94,WALKING
1557710934321,0.03,RUNNING
1557710934321,0.02,UNKNOWN
1557710934321,0.01,STILL
1557710941874,1.0,TILTING
1557710949426,0.94,ON_FOOT
1557710949426,0.94,WALKING
1557710949426,0.04,ON_BICYCLE
1557710949426,0.01,UNKNOWN
1557710949426,0.01,RUNNING
1557710964702,0.99,ON_FOOT
1557710964702,0.99,WALKING
1557710964702,0.01,UNKNOWN
1557710972781,0.76,ON_FOOT
1557710972781,0.76,WALKING
1557710972781,0.07,STILL
1557710972781,0.05,IN_VEHICLE
1557710972781,0.05,ON_BICYCLE
1557710972781,0.03,RUNNING
1557710972781,0.01,UNKNOWN
1557710988075,0.95,ON_FOOT
1557710988075,0.95,WALKING
1557710988075,0.02,UNKNOWN
1557710988075,0.02,RUNNING
1557710988075,0.01,ON_BICYCLE
1557710992627,0.98,ON_FOOT
1557710992627,0.98,WALKING
1557710992627,0.02,RUNNING
1557710997134,0.93,ON_FOOT
1557710997134,0.93,WALKING
1557710997134,0.02,UNKNOWN
1557710997134,0.02,RUNNING
1557710997134,0.01,IN_VEHICLE
1557710997134,0.01,ON_BICYCLE
1557710997134,0.01,STILL
1557711001641,0.97,ON_FOOT
1557711001641,0.97,WALKING
1557711001641,0.02,UNKNOWN
1557711001641,0.01,RUNNING
1557711006171,0.91,ON_FOOT
1557711006171,0.91,WALKING
1557711006171,0.02,ON_BICYCLE
1557711006171,0.02,UNKNOWN
1557711006171,0.02,RUNNING
1557711006171,0.01,IN_VEHICLE
1557711006171,0.01,STILL
1557711010700,0.95,ON_FOOT
1557711010700,0.95,WALKING
1557711010700,0.03,UNKNOWN
1557711010700,0.02,RUNNING
1557711015233,0.78,ON_FOOT
1557711015233,0.78,WALKING
1557711015233,0.15,RUNNING
1557711015233,0.03,ON_BICYCLE
1557711015233,0.02,UNKNOWN
1557711015233,0.01,IN_VEHICLE
1557711015233,0.01,STILL
1557711019759,0.98,ON_FOOT
1557711019759,0.98,WALKING
1557711019759,0.02,UNKNOWN
1557711024267,0.99,ON_FOOT
1557711024267,0.99,WALKING
1557711024267,0.01,UNKNOWN
1557711028820,0.97,ON_FOOT
1557711028820,0.97,WALKING
1557711028820,0.02,UNKNOWN
1557711028820,0.01,RUNNING
1557711033332,0.96,ON_FOOT
1557711033332,0.96,WALKING
1557711033332,0.03,RUNNING
1557711033332,0.01,ON_BICYCLE
1557711040909,1.0,TILTING
1557711048486,0.78,ON_FOOT
1557711048486,0.78,WALKING
1557711048486,0.15,RUNNING
1557711048486,0.02,ON_BICYCLE
1557711048486,0.02,STILL
1557711048486,0.02,UNKNOWN
1557711048486,0.01,IN_VEHICLE
1557711057196,1.0,TILTING
1557711065906,0.37,ON_FOOT
1557711065906,0.37,WALKING
1557711065906,0.27,UNKNOWN
1557711065906,0.08,STILL
1557711065906,0.07,IN_VEHICLE
1557711065906,0.07,ON_BICYCLE
1557711065906,0.07,RUNNING
1557711073509,1.0,TILTING
1557711081111,0.47,ON_FOOT
1557711081111,0.47,WALKING
1557711081111,0.21,UNKNOWN
1557711081111,0.09,RUNNING
1557711081111,0.07,ON_BICYCLE
1557711081111,0.06,IN_VEHICLE
1557711081111,0.06,STILL
1557711085735,0.85,ON_FOOT
1557711085735,0.85,WALKING
1557711085735,0.05,RUNNING
1557711085735,0.04,ON_BICYCLE
1557711085735,0.02,STILL
1557711085735,0.02,UNKNOWN
1557711085735,0.01,IN_VEHICLE
1557711088000,1.0,TILTING
1557711090264,0.98,ON_FOOT
1557711090264,0.98,WALKING
1557711090264,0.01,UNKNOWN
1557711090264,0.01,RUNNING
1557711105470,0.81,ON_FOOT
1557711105470,0.81,WALKING
1557711105470,0.18,RUNNING
1557711105470,0.01,UNKNOWN
1557711120549,0.96,ON_FOOT
1557711120549,0.96,WALKING
1557711120549,0.02,UNKNOWN
1557711120549,0.01,ON_BICYCLE
1557711120549,0.01,RUNNING
1557711128586,1.0,TILTING
1557711136623,0.52,ON_FOOT
1557711136623,0.52,WALKING
1557711136623,0.21,UNKNOWN
1557711136623,0.07,STILL
1557711136623,0.06,ON_BICYCLE
1557711136623,0.05,IN_VEHICLE
1557711136623,0.05,RUNNING
1557711138939,1.0,TILTING
1557711141255,0.95,ON_FOOT
1557711141255,0.95,WALKING
1557711141255,0.03,UNKNOWN
1557711141255,0.02,STILL
1557711145887,0.9,ON_FOOT
1557711145887,0.9,WALKING
1557711145887,0.06,RUNNING
1557711145887,0.03,STILL
1557711145887,0.01,UNKNOWN
1557711153295,1.0,TILTING
1557711160702,0.9,ON_FOOT
1557711160702,0.9,WALKING
1557711160702,0.02,ON_BICYCLE
1557711160702,0.02,STILL
1557711160702,0.02,UNKNOWN
1557711160702,0.02,RUNNING
1557711160702,0.01,IN_VEHICLE
1557711188705,0.37,ON_FOOT
1557711188705,0.37,WALKING
1557711188705,0.27,UNKNOWN
1557711188705,0.08,STILL
1557711188705,0.07,IN_VEHICLE
1557711188705,0.07,ON_BICYCLE
1557711188705,0.07,RUNNING
1557711203946,0.96,ON_FOOT
1557711203946,0.96,WALKING
1557711203946,0.03,UNKNOWN
1557711203946,0.01,RUNNING
1557711207523,0.98,ON_FOOT
1557711207523,0.98,WALKING
1557711207523,0.01,UNKNOWN
1557711207523,0.01,RUNNING
1557711215361,1.0,TILTING
1557711223199,0.79,ON_FOOT
1557711223199,0.79,RUNNING
1557711223199,0.21,WALKING
1557711232210,1.0,TILTING
1557711241221,0.74,ON_FOOT
1557711241221,0.74,WALKING
1557711241221,0.12,UNKNOWN
1557711241221,0.04,RUNNING
1557711241221,0.03,IN_VEHICLE
1557711241221,0.03,ON_BICYCLE
1557711241221,0.03,STILL
1557711247292,1.0,TILTING
1557711253363,0.97,ON_FOOT
1557711253363,0.97,WALKING
1557711253363,0.01,ON_BICYCLE
1557711253363,0.01,STILL
1557711253363,0.01,UNKNOWN
1557711260884,1.0,TILTING
1557711268405,0.95,ON_FOOT
1557711268405,0.95,WALKING
1557711268405,0.03,RUNNING
1557711268405,0.01,STILL
1557711268405,0.01,UNKNOWN
1557711277872,1.0,TILTING
1557711287339,0.37,STILL
1557711287339,0.24,ON_BICYCLE
1557711287339,0.13,IN_VEHICLE
1557711287339,0.12,UNKNOWN
1557711287339,0.06,ON_FOOT
1557711287339,0.06,WALKING
1557711287339,0.03,RUNNING
1557711302542,0.34,STILL
1557711302542,0.25,ON_FOOT
1557711302542,0.25,WALKING
1557711302542,0.17,ON_BICYCLE
1557711302542,0.16,IN_VEHICLE
1557711302542,0.04,UNKNOWN
1557711310105,1.0,TILTING
1557711317668,0.44,STILL
1557711317668,0.19,IN_VEHICLE
1557711317668,0.18,ON_FOOT
1557711317668,0.18,WALKING
1557711317668,0.05,ON_BICYCLE
1557711317668,0.03,UNKNOWN
1557711332795,0.37,STILL
1557711332795,0.21,UNKNOWN
1557711332795,0.14,IN_VEHICLE
1557711332795,0.08,ON_FOOT
1557711332795,0.08,WALKING
1557711332795,0.06,ON_BICYCLE
1557711332795,0.05,RUNNING
1557711355276,0.72,STILL
1557711355276,0.11,IN_VEHICLE
1557711355276,0.05,ON_FOOT
1557711355276,0.05,WALKING
1557711355276,0.02,ON_BICYCLE
1557711355276,0.01,UNKNOWN
1557711370576,0.59,STILL
1557711370576,0.13,ON_FOOT
1557711370576,0.13,WALKING
1557711370576,0.12,ON_BICYCLE
1557711370576,0.1,IN_VEHICLE
1557711370576,0.02,UNKNOWN
1557711385708,0.63,STILL
1557711385708,0.24,IN_VEHICLE
1557711385708,0.05,ON_FOOT
1557711385708,0.05,WALKING
1557711385708,0.02,UNKNOWN
1557711385708,0.01,ON_BICYCLE
1557711393918,1.0,TILTING
1557711402127,0.45,STILL
1557711402127,0.36,IN_VEHICLE
1557711402127,0.06,ON_FOOT
1557711402127,0.06,WALKING
1557711402127,0.03,ON_BICYCLE
1557711402127,0.02,UNKNOWN
1557711410225,1.0,TILTING
1557711418323,0.31,UNKNOWN
1557711418323,0.3,ON_FOOT
1557711418323,0.3,WALKING
1557711418323,0.08,IN_VEHICLE
1557711418323,0.08,ON_BICYCLE
1557711418323,0.08,STILL
1557711418323,0.08,RUNNING
1557711425930,1.0,TILTING
1557711433537,0.31,UNKNOWN
1557711433537,0.16,STILL
1557711433537,0.13,IN_VEHICLE
1557711433537,0.13,ON_FOOT
1557711433537,0.13,WALKING
1557711433537,0.08,ON_BICYCLE
1557711433537,0.08,RUNNING
1557711448730,0.4,UNKNOWN
1557711448730,0.1,IN_VEHICLE
1557711448730,0.1,ON_BICYCLE
1557711448730,0.1,ON_FOOT
1557711448730,0.1,STILL
1557711448730,0.1,WALKING
1557711448730,0.1,RUNNING
1557711456310,1.0,TILTING
1557711463890,0.35,ON_FOOT
1557711463890,0.35,WALKING
1557711463890,0.26,STILL
1557711463890,0.12,IN_VEHICLE
1557711463890,0.12,UNKNOWN
1557711463890,0.04,ON_BICYCLE
1557711463890,0.03,RUNNING
1557711480304,0.64,STILL
1557711480304,0.17,ON_FOOT
1557711480304,0.17,WALKING
1557711480304,0.11,IN_VEHICLE
1557711480304,0.02,UNKNOWN
1557711480304,0.01,ON_BICYCLE
1557711491107,0.29,STILL
1557711491107,0.27,ON_FOOT
1557711491107,0.27,WALKING
1557711491107,0.21,IN_VEHICLE
1557711491107,0.08,ON_BICYCLE
1557711491107,0.03,UNKNOWN
1557711491107,0.01,RUNNING
1557711495630,0.4,STILL
1557711495630,0.33,ON_FOOT
1557711495630,0.33,WALKING
1557711495630,0.14,IN_VEHICLE
1557711495630,0.02,ON_BICYCLE
1557711495630,0.02,UNKNOWN
1557711510752,0.4,UNKNOWN
1557711510752,0.1,IN_VEHICLE
1557711510752,0.1,ON_BICYCLE
1557711510752,0.1,ON_FOOT
1557711510752,0.1,STILL
1557711510752,0.1,WALKING
1557711510752,0.1,RUNNING
1557711517581,0.31,UNKNOWN
1557711517581,0.15,IN_VEHICLE
1557711517581,0.15,STILL
1557711517581,0.12,ON_FOOT
1557711517581,0.12,WALKING
1557711517581,0.08,ON_BICYCLE
1557711517581,0.08,RUNNING
1557711525194,1.0,TILTING
1557711532807,0.47,STILL
1557711532807,0.23,IN_VEHICLE
1557711532807,0.1,ON_FOOT
1557711532807,0.1,WALKING
1557711532807,0.05,ON_BICYCLE
1557711532807,0.02,UNKNOWN
1557711540024,1.0,TILTING
1557711547240,0.91,STILL
1557711547240,0.04,IN_VEHICLE
1557711547240,0.02,ON_BICYCLE
1557711547240,0.02,ON_FOOT
1557711547240,0.02,WALKING
1557711547240,0.01,UNKNOWN
1557711562433,0.32,STILL
1557711562433,0.21,UNKNOWN
1557711562433,0.2,IN_VEHICLE
1557711562433,0.06,ON_BICYCLE
1557711562433,0.06,ON_FOOT
1557711562433,0.06,WALKING
1557711562433,0.05,RUNNING
1557711577591,0.81,STILL
1557711577591,0.08,IN_VEHICLE
1557711577591,0.07,ON_FOOT
1557711577591,0.07,WALKING
1557711577591,0.03,UNKNOWN
1557711592727,0.48,STILL
1557711592727,0.18,IN_VEHICLE
1557711592727,0.15,ON_FOOT
1557711592727,0.15,WALKING
1557711592727,0.03,ON_BICYCLE
1557711592727,0.01,UNKNOWN
1557711607868,0.91,STILL
1557711607868,0.05,IN_VEHICLE
1557711607868,0.02,UNKNOWN
1557711607868,0.01,ON_BICYCLE
1557711622998,0.97,STILL
1557711622998,0.03,IN_VEHICLE
1557711638221,0.77,STILL
1557711638221,0.15,IN_VEHICLE
1557711638221,0.04,ON_FOOT
1557711638221,0.04,WALKING
1557711638221,0.02,UNKNOWN
1557711638221,0.01,ON_BICYCLE
1557711653357,0.71,STILL
1557711653357,0.21,IN_VEHICLE
1557711653357,0.03,ON_FOOT
1557711653357,0.03,WALKING
1557711653357,0.02,UNKNOWN
1557711653357,0.01,ON_BICYCLE
1557711668506,0.75,STILL
1557711668506,0.1,IN_VEHICLE
1557711668506,0.02,ON_BICYCLE
1557711668506,0.02,ON_FOOT
1557711668506,0.02,UNKNOWN
1557711668506,0.02,WALKING
1557711676068,1.0,TILTING
1557711683630,0.48,STILL
1557711683630,0.22,ON_FOOT
1557711683630,0.22,WALKING
1557711683630,0.09,UNKNOWN
1557711683630,0.08,IN_VEHICLE
1557711683630,0.03,ON_BICYCLE
1557711683630,0.02,RUNNING
1557711691411,1.0,TILTING
1557711699191,0.39,STILL
1557711699191,0.3,IN_VEHICLE
1557711699191,0.16,ON_FOOT
1557711699191,0.16,WALKING
1557711699191,0.04,ON_BICYCLE
1557711699191,0.02,UNKNOWN
1557711714285,0.31,UNKNOWN
1557711714285,0.18,STILL
1557711714285,0.13,IN_VEHICLE
1557711714285,0.12,ON_FOOT
1557711714285,0.12,WALKING
1557711714285,0.09,ON_BICYCLE
1557711714285,0.08,RUNNING
1557711721856,1.0,TILTING
1557711729427,0.26,STILL
1557711729427,0.22,UNKNOWN
1557711729427,0.18,IN_VEHICLE
1557711729427,0.13,ON_FOOT
1557711729427,0.13,WALKING
1557711729427,0.06,ON_BICYCLE
1557711729427,0.05,RUNNING
1557711744573,0.74,STILL
1557711744573,0.16,IN_VEHICLE
1557711744573,0.04,ON_FOOT
1557711744573,0.04,WALKING
1557711744573,0.02,UNKNOWN
1557711759729,0.45,STILL
1557711759729,0.21,UNKNOWN
1557711759729,0.09,IN_VEHICLE
1557711759729,0.08,ON_FOOT
1557711759729,0.08,WALKING
1557711759729,0.06,ON_BICYCLE
1557711759729,0.05,RUNNING
1557711774823,0.92,STILL
1557711774823,0.05,ON_FOOT
1557711774823,0.05,WALKING
1557711774823,0.02,UNKNOWN
1557711774823,0.01,IN_VEHICLE
1557711789980,0.93,STILL
1557711789980,0.06,ON_FOOT
1557711789980,0.06,WALKING
1557711789980,0.01,UNKNOWN
1557711797515,1.0,TILTING
1557711805050,0.31,STILL
1557711805050,0.31,UNKNOWN
1557711805050,0.09,ON_FOOT
1557711805050,0.09,WALKING
1557711805050,0.08,IN_VEHICLE
1557711805050,0.08,ON_BICYCLE
1557711805050,0.08,RUNNING
1557711820184,0.4,STILL
1557711820184,0.24,ON_FOOT
1557711820184,0.24,WALKING
1557711820184,0.17,IN_VEHICLE
1557711820184,0.02,UNKNOWN
1557711820184,0.01,ON_BICYCLE
1557711830036,0.29,STILL
1557711830036,0.21,UNKNOWN
1557711830036,0.15,ON_FOOT
1557711830036,0.15,WALKING
1557711830036,0.13,IN_VEHICLE
1557711830036,0.06,ON_BICYCLE
1557711830036,0.05,RUNNING
1557711837632,1.0,TILTING
1557711845228,0.66,STILL
1557711845228,0.14,IN_VEHICLE
1557711845228,0.1,ON_FOOT
1557711845228,0.1,WALKING
1557711845228,0.03,UNKNOWN
1557711845228,0.02,ON_BICYCLE
1557711860580,0.43,STILL
1557711860580,0.36,IN_VEHICLE
1557711860580,0.08,ON_FOOT
1557711860580,0.08,WALKING
1557711860580,0.03,ON_BICYCLE
1557711860580,0.02,UNKNOWN
1557711877438,0.5,UNKNOWN
1557711877438,0.08,IN_VEHICLE
1557711877438,0.08,ON_BICYCLE
1557711877438,0.05,STILL
1557711877438,0.04,ON_FOOT
1557711877438,0.04,WALKING
1557711877438,0.02,RUNNING
1557711892562,0.9,STILL
1557711892562,0.05,IN_VEHICLE
1557711892562,0.02,ON_FOOT
1557711892562,0.02,WALKING
1557711892562,0.01,UNKNOWN
1557711900130,1.0,TILTING
1557711907697,0.39,STILL
1557711907697,0.24,IN_VEHICLE
1557711907697,0.14,ON_FOOT
1557711907697,0.14,WALKING
1557711907697,0.09,ON_BICYCLE
1557711907697,0.02,UNKNOWN
1557711907697,0.01,RUNNING
1557711922909,1.0,STILL
1557711938061,1.0,STILL
1557711953222,0.61,STILL
1557711953222,0.39,ON_FOOT
1557711953222,0.39,WALKING
1557711965099,1.0,STILL
1557711979587,1.0,STILL
1557711987811,1.0,TILTING
1557711996035,0.4,UNKNOWN
1557711996035,0.1,IN_VEHICLE
1557711996035,0.1,ON_BICYCLE
1557711996035,0.1,ON_FOOT
1557711996035,0.1,STILL
1557711996035,0.1,WALKING
1557711996035,0.1,RUNNING
1557712011154,0.3,UNKNOWN
1557712011154,0.17,STILL
1557712011154,0.14,IN_VEHICLE
1557712011154,0.11,ON_FOOT
1557712011154,0.11,WALKING
1557712011154,0.08,ON_BICYCLE
1557712011154,0.08,RUNNING
1557712026210,0.36,STILL
1557712026210,0.21,UNKNOWN
1557712026210,0.12,IN_VEHICLE
1557712026210,0.1,ON_FOOT
1557712026210,0.1,WALKING
1557712026210,0.06,ON_BICYCLE
1557712026210,0.05,RUNNING
1557712041701,0.47,STILL
1557712041701,0.29,IN_VEHICLE
1557712041701,0.08,ON_FOOT
1557712041701,0.08,WALKING
1557712041701,0.02,ON_BICYCLE
1557712041701,0.01,UNKNOWN
1557712056812,0.81,STILL
1557712056812,0.07,IN_VEHICLE
1557712056812,0.03,ON_FOOT
1557712056812,0.03,WALKING
1557712056812,0.02,UNKNOWN
1557712056812,0.01,ON_BICYCLE
1557712064400,1.0,TILTING
1557712071988,0.21,UNKNOWN
1557712071988,0.2,STILL
1557712071988,0.17,IN_VEHICLE
1557712071988,0.15,ON_FOOT
1557712071988,0.15,WALKING
1557712071988,0.11,ON_BICYCLE
1557712071988,0.06,RUNNING
1557712087229,0.81,STILL
1557712087229,0.12,IN_VEHICLE
1557712087229,0.04,ON_FOOT
1557712087229,0.04,WALKING
1557712087229,0.02,UNKNOWN
1557712087229,0.01,ON_BICYCLE
1557712102396,1.0,STILL
1557712117605,0.82,STILL
1557712117605,0.11,IN_VEHICLE
1557712117605,0.03,UNKNOWN
1557712117605,0.01,ON_FOOT
1557712117605,0.01,WALKING
1557712132722,0.86,STILL
1557712132722,0.09,ON_FOOT
1557712132722,0.09,WALKING
1557712132722,0.03,IN_VEHICLE
1557712132722,0.02,UNKNOWN
1557712147885,0.83,STILL
1557712147885,0.12,IN_VEHICLE
1557712147885,0.02,UNKNOWN
1557712147885,0.01,ON_BICYCLE
1557712147885,0.01,ON_FOOT
1557712147885,0.01,WALKING
1557712155488,1.0,TILTING
1557712163090,0.27,UNKNOWN
1557712163090,0.26,STILL
1557712163090,0.14,IN_VEHICLE
1557712163090,0.08,ON_FOOT
1557712163090,0.08,WALKING
1557712163090,0.07,ON_BICYCLE
1557712163090,0.07,RUNNING
1557712178376,0.34,STILL
1557712178376,0.19,IN_VEHICLE
1557712178376,0.16,ON_FOOT
1557712178376,0.16,WALKING
1557712178376,0.12,UNKNOWN
1557712178376,0.03,ON_BICYCLE
1557712178376,0.03,RUNNING
1557712193489,0.83,STILL
1557712193489,0.07,IN_VEHICLE
1557712193489,0.05,ON_FOOT
1557712193489,0.05,WALKING
1557712193489,0.02,UNKNOWN
1557712193489,0.01,ON_BICYCLE
1557712208594,0.83,STILL
1557712208594,0.08,IN_VEHICLE
1557712208594,0.03,ON_FOOT
1557712208594,0.03,WALKING
1557712208594,0.01,ON_BICYCLE
1557712208594,0.01,UNKNOWN
1557712223733,0.35,STILL
1557712223733,0.3,IN_VEHICLE
1557712223733,0.08,ON_FOOT
1557712223733,0.08,WALKING
1557712223733,0.01,ON_BICYCLE
1557712223733,0.01,UNKNOWN
1557712238877,0.78,STILL
1557712238877,0.11,IN_VEHICLE
1557712238877,0.03,ON_FOOT
1557712238877,0.03,WALKING
1557712238877,0.02,UNKNOWN
1557712238877,0.01,ON_BICYCLE
1557712253968,0.42,STILL
1557712253968,0.24,ON_FOOT
1557712253968,0.24,WALKING
1557712253968,0.21,IN_VEHICLE
1557712253968,0.02,ON_BICYCLE
1557712253968,0.02,UNKNOWN
1557712269077,0.27,UNKNOWN
1557712269077,0.24,STILL
1557712269077,0.12,IN_VEHICLE
1557712269077,0.12,ON_FOOT
1557712269077,0.12,WALKING
1557712269077,0.07,ON_BICYCLE
1557712269077,0.07,RUNNING
1557712280607,0.24,STILL
1557712280607,0.21,UNKNOWN
1557712280607,0.17,IN_VEHICLE
1557712280607,0.13,ON_FOOT
1557712280607,0.13,WALKING
1557712280607,0.06,ON_BICYCLE
1557712280607,0.05,RUNNING
1557712295666,0.45,STILL
1557712295666,0.22,ON_FOOT
1557712295666,0.22,WALKING
1557712295666,0.18,IN_VEHICLE
1557712295666,0.02,ON_BICYCLE
1557712295666,0.01,UNKNOWN
1557712310745,0.33,STILL
1557712310745,0.26,ON_FOOT
1557712310745,0.26,WALKING
1557712310745,0.22,IN_VEHICLE
1557712310745,0.02,ON_BICYCLE
1557712310745,0.02,UNKNOWN
1557712318305,1.0,TILTING
1557712325865,1.0,STILL
1557712333438,1.0,TILTING
1557712341011,0.21,UNKNOWN
1557712341011,0.2,STILL
1557712341011,0.17,ON_FOOT
1557712341011,0.17,WALKING
1557712341011,0.16,IN_VEHICLE
1557712341011,0.07,ON_BICYCLE
1557712341011,0.05,RUNNING
1557712356194,0.85,STILL
1557712356194,0.07,IN_VEHICLE
1557712356194,0.03,ON_FOOT
1557712356194,0.03,WALKING
1557712356194,0.01,ON_BICYCLE
1557712356194,0.01,UNKNOWN
1557712371349,1.0,STILL
1557712386497,1.0,STILL
1557712401653,0.78,STILL
1557712401653,0.08,ON_FOOT
1557712401653,0.08,WALKING
1557712401653,0.07,IN_VEHICLE
1557712401653,0.02,ON_BICYCLE
1557712401653,0.02,UNKNOWN
1557712418584,0.66,STILL
1557712418584,0.15,IN_VEHICLE
1557712418584,0.03,ON_FOOT
1557712418584,0.03,WALKING
1557712418584,0.01,ON_BICYCLE
1557712418584,0.01,UNKNOWN
1557712433735,0.61,STILL
1557712433735,0.21,IN_VEHICLE
1557712433735,0.07,ON_FOOT
1557712433735,0.07,WALKING
1557712433735,0.02,UNKNOWN
1557712433735,0.01,ON_BICYCLE
1557712448864,0.47,STILL
1557712448864,0.19,IN_VEHICLE
1557712448864,0.16,ON_FOOT
1557712448864,0.16,WALKING
1557712448864,0.04,ON_BICYCLE
1557712448864,0.02,UNKNOWN
1557712456406,1.0,TILTING
1557712463947,0.4,UNKNOWN
1557712463947,0.1,IN_VEHICLE
1557712463947,0.1,ON_BICYCLE
1557712463947,0.1,ON_FOOT
1557712463947,0.1,STILL
1557712463947,0.1,WALKING
1557712463947,0.1,RUNNING
1557712479064,0.33,STILL
1557712479064,0.21,UNKNOWN
1557712479064,0.13,IN_VEHICLE
1557712479064,0.09,ON_FOOT
1557712479064,0.09,WALKING
1557712479064,0.07,ON_BICYCLE
1557712479064,0.05,RUNNING
1557712494197,0.29,STILL
1557712494197,0.21,UNKNOWN
1557712494197,0.17,IN_VEHICLE
1557712494197,0.11,ON_FOOT
1557712494197,0.11,WALKING
1557712494197,0.06,ON_BICYCLE
1557712494197,0.05,RUNNING
1557712509831,0.4,UNKNOWN
1557712509831,0.1,IN_VEHICLE
1557712509831,0.1,ON_BICYCLE
1557712509831,0.1,ON_FOOT
1557712509831,0.1,STILL
1557712509831,0.1,WALKING
1557712509831,0.1,RUNNING
1557712515484,1.0,TILTING
1557712521136,0.47,STILL
1557712521136,0.14,IN_VEHICLE
1557712521136,0.12,UNKNOWN
1557712521136,0.1,ON_FOOT
1557712521136,0.1,WALKING
1557712521136,0.06,ON_BICYCLE
1557712521136,0.03,RUNNING
1557712537505,0.61,STILL
1557712537505,0.33,IN_VEHICLE
1557712537505,0.02,ON_FOOT
1557712537505,0.02,WALKING
1557712537505,0.01,ON_BICYCLE
1557712537505,0.01,UNKNOWN
1557712554426,0.86,STILL
1557712554426,0.09,IN_VEHICLE
1557712554426,0.03,ON_FOOT
1557712554426,0.03,WALKING
1557712554426,0.01,UNKNOWN
1557712569574,0.95,STILL
1557712569574,0.02,IN_VEHICLE
1557712569574,0.02,ON_FOOT
1557712569574,0.02,WALKING
1557712569574,0.01,UNKNOWN
1557712577110,1.0,TILTING
1557712584646,0.43,STILL
1557712584646,0.21,UNKNOWN
1557712584646,0.1,ON_FOOT
1557712584646,0.1,WALKING
1557712584646,0.08,IN_VEHICLE
1557712584646,0.06,ON_BICYCLE
1557712584646,0.05,RUNNING
1557712592233,1.0,TILTING
1557712599820,0.96,STILL
1557712599820,0.03,ON_FOOT
1557712599820,0.03,WALKING
1557712599820,0.01,UNKNOWN
1557712615028,0.92,STILL
1557712615028,0.07,ON_FOOT
1557712615028,0.07,WALKING
1557712615028,0.01,UNKNOWN
1557712630221,0.99,STILL
1557712630221,0.01,UNKNOWN
1557712645352,0.75,STILL
1557712645352,0.11,IN_VEHICLE
1557712645352,0.04,ON_FOOT
1557712645352,0.04,WALKING
1557712645352,0.02,UNKNOWN
1557712645352,0.01,ON_BICYCLE
1557712660493,0.93,STILL
1557712660493,0.04,ON_FOOT
1557712660493,0.04,WALKING
1557712660493,0.02,IN_VEHICLE
1557712660493,0.01,UNKNOWN
1557712668043,1.0,TILTING
1557712675593,0.5,STILL
1557712675593,0.22,ON_FOOT
1557712675593,0.22,WALKING
1557712675593,0.09,IN_VEHICLE
1557712675593,0.09,UNKNOWN
1557712675593,0.03,ON_BICYCLE
1557712675593,0.02,RUNNING
1557712689886,1.0,TILTING
1557712704179,0.56,STILL
1557712704179,0.2,IN_VEHICLE
1557712704179,0.06,ON_FOOT
1557712704179,0.06,WALKING
1557712704179,0.03,UNKNOWN
1557712704179,0.01,ON_BICYCLE
1557712719389,0.21,STILL
1557712719389,0.21,UNKNOWN
1557712719389,0.2,IN_VEHICLE
1557712719389,0.17,ON_FOOT
1557712719389,0.17,WALKING
1557712719389,0.07,ON_BICYCLE
1557712719389,0.05,RUNNING
1557712735818,0.7,STILL
1557712735818,0.09,IN_VEHICLE
1557712735818,0.08,ON_FOOT
1557712735818,0.08,WALKING
1557712735818,0.03,UNKNOWN
1557712735818,0.02,ON_BICYCLE
1557712750982,0.68,STILL
1557712750982,0.17,IN_VEHICLE
1557712750982,0.03,ON_FOOT
1557712750982,0.03,WALKING
1557712750982,0.01,ON_BICYCLE
1557712750982,0.01,UNKNOWN
1557712766082,0.48,STILL
1557712766082,0.24,IN_VEHICLE
1557712766082,0.18,ON_FOOT
1557712766082,0.18,WALKING
1557712766082,0.03,ON_BICYCLE
1557712766082,0.02,UNKNOWN
1557712781182,0.75,STILL
1557712781182,0.1,IN_VEHICLE
1557712781182,0.04,ON_FOOT
1557712781182,0.04,WALKING
1557712781182,0.01,ON_BICYCLE
1557712781182,0.01,UNKNOWN
1557712788744,1.0,TILTING
1557712796306,0.3,UNKNOWN
1557712796306,0.29,ON_FOOT
1557712796306,0.29,WALKING
1557712796306,0.09,ON_BICYCLE
1557712796306,0.09,STILL
1557712796306,0.08,IN_VEHICLE
1557712796306,0.08,RUNNING
1557712803878,1.0,TILTING
1557712811449,0.8,STILL
1557712811449,0.17,ON_FOOT
1557712811449,0.17,WALKING
1557712811449,0.02,UNKNOWN
1557712811449,0.01,IN_VEHICLE
1557712811449,0.01,ON_BICYCLE
1557712826614,0.99,STILL
1557712826614,0.01,UNKNOWN
1557712838811,0.98,STILL
1557712838811,0.02,ON_FOOT
1557712838811,0.02,WALKING
1557712853975,0.8,STILL
1557712853975,0.1,ON_FOOT
1557712853975,0.1,WALKING
1557712853975,0.06,IN_VEHICLE
1557712853975,0.02,UNKNOWN
1557712853975,0.01,ON_BICYCLE
1557712869132,0.99,STILL
1557712869132,0.01,ON_FOOT
1557712869132,0.01,WALKING
1557712884231,0.7,STILL
1557712884231,0.21,ON_FOOT
1557712884231,0.21,WALKING
1557712884231,0.04,IN_VEHICLE
1557712884231,0.02,ON_BICYCLE
1557712884231,0.02,UNKNOWN
1557712899356,0.58,STILL
1557712899356,0.29,ON_FOOT
1557712899356,0.29,WALKING
1557712899356,0.05,ON_BICYCLE
1557712899356,0.03,RUNNING
1557712899356,0.02,IN_VEHICLE
1557712899356,0.01,UNKNOWN
1557712914489,0.81,STILL
1557712914489,0.16,ON_FOOT
1557712914489,0.16,WALKING
1557712914489,0.03,UNKNOWN
1557712929645,0.31,UNKNOWN
1557712929645,0.27,STILL
1557712929645,0.12,ON_FOOT
1557712929645,0.12,WALKING
1557712929645,0.08,IN_VEHICLE
1557712929645,0.08,ON_BICYCLE
1557712929645,0.08,RUNNING
1557712937846,1.0,TILTING
1557712946046,0.58,STILL
1557712946046,0.15,IN_VEHICLE
1557712946046,0.13,ON_FOOT
1557712946046,0.13,WALKING
1557712946046,0.03,ON_BICYCLE
1557712946046,0.02,UNKNOWN
1557712961227,0.26,STILL
1557712961227,0.21,UNKNOWN
1557712961227,0.16,ON_FOOT
1557712961227,0.16,WALKING
1557712961227,0.14,IN_VEHICLE
1557712961227,0.06,ON_BICYCLE
1557712961227,0.05,RUNNING
1557712968794,1.0,TILTING
1557712976360,0.63,STILL
1557712976360,0.34,IN_VEHICLE
1557712976360,0.02,ON_FOOT
1557712976360,0.02,WALKING
1557712976360,0.01,UNKNOWN
1557712991581,0.98,STILL
1557712991581,0.01,ON_FOOT
1557712991581,0.01,UNKNOWN
1557712991581,0.01,WALKING
1557713006734,0.55,STILL
1557713006734,0.29,ON_FOOT
1557713006734,0.29,WALKING
1557713006734,0.07,IN_VEHICLE
1557713006734,0.04,ON_BICYCLE
1557713006734,0.02,UNKNOWN
1557713006734,0.01,RUNNING
1557713021871,0.46,STILL
1557713021871,0.35,ON_FOOT
1557713021871,0.35,WALKING
1557713021871,0.06,IN_VEHICLE
1557713021871,0.05,ON_BICYCLE
1557713021871,0.04,UNKNOWN
1557713021871,0.02,RUNNING
1557713029451,1.0,TILTING
1557713037030,0.31,UNKNOWN
1557713037030,0.17,ON_FOOT
1557713037030,0.17,STILL
1557713037030,0.17,WALKING
1557713037030,0.11,ON_BICYCLE
1557713037030,0.09,IN_VEHICLE
1557713037030,0.08,RUNNING
1557713044639,1.0,TILTING
1557713052248,0.34,STILL
1557713052248,0.21,UNKNOWN
1557713052248,0.17,ON_FOOT
1557713052248,0.17,WALKING
1557713052248,0.09,ON_BICYCLE
1557713052248,0.08,IN_VEHICLE
1557713052248,0.05,RUNNING
1557713067486,0.41,STILL
1557713067486,0.3,IN_VEHICLE
1557713067486,0.07,ON_FOOT
1557713067486,0.07,WALKING
1557713067486,0.04,ON_BICYCLE
1557713067486,0.02,UNKNOWN
1557713082658,0.85,STILL
1557713082658,0.1,ON_FOOT
1557713082658,0.1,WALKING
1557713082658,0.02,IN_VEHICLE
1557713082658,0.02,UNKNOWN
1557713082658,0.01,ON_BICYCLE
1557713097813,0.43,STILL
1557713097813,0.28,ON_FOOT
1557713097813,0.28,WALKING
1557713097813,0.09,ON_BICYCLE
1557713097813,0.08,IN_VEHICLE
1557713097813,0.03,UNKNOWN
1557713097813,0.01,RUNNING
1557713112953,0.36,STILL
1557713112953,0.3,IN_VEHICLE
1557713112953,0.17,ON_FOOT
1557713112953,0.17,WALKING
1557713112953,0.06,ON_BICYCLE
1557713112953,0.01,UNKNOWN
1557713125928,0.59,STILL
1557713125928,0.19,ON_FOOT
1557713125928,0.19,WALKING
1557713125928,0.11,ON_BICYCLE
1557713125928,0.04,IN_VEHICLE
1557713125928,0.03,UNKNOWN
1557713125928,0.01,RUNNING
1557713136931,0.77,STILL
1557713136931,0.12,ON_FOOT
1557713136931,0.12,WALKING
1557713136931,0.05,IN_VEHICLE
1557713136931,0.03,ON_BICYCLE
1557713136931,0.01,UNKNOWN
1557713152087,0.32,STILL
1557713152087,0.3,UNKNOWN
1557713152087,0.08,IN_VEHICLE
1557713152087,0.08,ON_BICYCLE
1557713152087,0.08,ON_FOOT
1557713152087,0.08,WALKING
1557713152087,0.08,RUNNING
1557713159666,1.0,TILTING
1557713167244,0.7,STILL
1557713167244,0.1,IN_VEHICLE
1557713167244,0.1,ON_FOOT
1557713167244,0.1,WALKING
1557713167244,0.02,UNKNOWN
1557713182390,0.71,STILL
1557713182390,0.12,ON_FOOT
1557713182390,0.12,WALKING
1557713182390,0.08,IN_VEHICLE
1557713182390,0.03,ON_BICYCLE
1557713182390,0.02,UNKNOWN
1557713189948,1.0,TILTING
1557713197505,0.68,STILL
1557713197505,0.15,IN_VEHICLE
1557713197505,0.06,ON_FOOT
1557713197505,0.06,WALKING
1557713197505,0.02,ON_BICYCLE
1557713197505,0.02,UNKNOWN
1557713212686,0.78,STILL
1557713212686,0.19,IN_VEHICLE
1557713212686,0.02,ON_FOOT
1557713212686,0.02,WALKING
1557713212686,0.01,UNKNOWN
1557713227864,1.0,STILL
1557713243389,0.44,STILL
1557713243389,0.21,UNKNOWN
1557713243389,0.09,IN_VEHICLE
1557713243389,0.07,ON_BICYCLE
1557713243389,0.07,ON_FOOT
1557713243389,0.07,WALKING
1557713243389,0.05,RUNNING
1557713258531,0.39,STILL
1557713258531,0.21,IN_VEHICLE
1557713258531,0.19,ON_FOOT
1557713258531,0.19,WALKING
1557713258531,0.03,ON_BICYCLE
1557713258531,0.02,UNKNOWN
1557713273609,0.77,STILL
1557713273609,0.12,IN_VEHICLE
1557713273609,0.05,ON_FOOT
1557713273609,0.05,WALKING
1557713273609,0.02,UNKNOWN
1557713273609,0.01,ON_BICYCLE
1557713288690,0.39,STILL
1557713288690,0.22,IN_VEHICLE
1557713288690,0.19,ON_FOOT
1557713288690,0.19,WALKING
1557713288690,0.02,UNKNOWN
1557713288690,0.01,ON_BICYCLE
1557713305185,0.31,UNKNOWN
1557713305185,0.21,STILL
1557713305185,0.12,IN_VEHICLE
1557713305185,0.11,ON_FOOT
1557713305185,0.11,WALKING
1557713305185,0.08,ON_BICYCLE
1557713305185,0.08,RUNNING
1557713320274,0.5,STILL
1557713320274,0.2,IN_VEHICLE
1557713320274,0.16,ON_FOOT
1557713320274,0.16,WALKING
1557713320274,0.02,ON_BICYCLE
1557713320274,0.02,UNKNOWN
1557713335382,0.59,STILL
1557713335382,0.17,IN_VEHICLE
1557713335382,0.06,ON_FOOT
1557713335382,0.06,WALKING
1557713335382,0.02,ON_BICYCLE
1557713335382,0.02,UNKNOWN
1557713350500,0.33,STILL
1557713350500,0.21,UNKNOWN
1557713350500,0.15,IN_VEHICLE
1557713350500,0.1,ON_FOOT
1557713350500,0.1,WALKING
1557713350500,0.06,ON_BICYCLE
1557713350500,0.05,RUNNING
1557713365613,0.52,STILL
1557713365613,0.18,IN_VEHICLE
1557713365613,0.17,ON_FOOT
1557713365613,0.17,WALKING
1557713365613,0.03,ON_BICYCLE
1557713365613,0.03,UNKNOWN
1557713380713,0.82,STILL
1557713380713,0.08,IN_VEHICLE
1557713380713,0.03,ON_FOOT
1557713380713,0.03,WALKING
1557713380713,0.02,UNKNOWN
1557713380713,0.01,ON_BICYCLE
1557713395848,0.31,STILL
1557713395848,0.25,ON_FOOT
1557713395848,0.25,WALKING
1557713395848,0.23,IN_VEHICLE
1557713395848,0.03,UNKNOWN
1557713395848,0.02,ON_BICYCLE
1557713411034,0.38,ON_FOOT
1557713411034,0.38,WALKING
1557713411034,0.25,UNKNOWN
1557713411034,0.11,STILL
1557713411034,0.07,IN_VEHICLE
1557713411034,0.06,ON_BICYCLE
1557713411034,0.06,RUNNING
1557713428308,0.3,UNKNOWN
1557713428308,0.2,STILL
1557713428308,0.15,ON_FOOT
1557713428308,0.15,WALKING
1557713428308,0.1,IN_VEHICLE
1557713428308,0.08,ON_BICYCLE
1557713428308,0.08,RUNNING
1557713444583,0.31,STILL
1557713444583,0.21,UNKNOWN
1557713444583,0.19,IN_VEHICLE
1557713444583,0.09,ON_FOOT
1557713444583,0.09,WALKING
1557713444583,0.06,ON_BICYCLE
1557713444583,0.05,RUNNING
1557713460117,0.23,STILL
1557713460117,0.21,UNKNOWN
1557713460117,0.17,IN_VEHICLE
1557713460117,0.12,ON_FOOT
1557713460117,0.12,WALKING
1557713460117,0.1,ON_BICYCLE
1557713460117,0.05,RUNNING
1557713475323,0.31,UNKNOWN
1557713475323,0.18,STILL
1557713475323,0.14,ON_FOOT
1557713475323,0.14,WALKING
1557713475323,0.13,IN_VEHICLE
1557713475323,0.08,ON_BICYCLE
1557713475323,0.08,RUNNING
1557713490426,0.31,UNKNOWN
1557713490426,0.18,STILL
1557713490426,0.17,ON_FOOT
1557713490426,0.17,WALKING
1557713490426,0.1,ON_BICYCLE
1557713490426,0.09,IN_VEHICLE
1557713490426,0.08,RUNNING
1557713505533,0.4,UNKNOWN
1557713505533,0.1,IN_VEHICLE
1557713505533,0.1,ON_BICYCLE
1557713505533,0.1,ON_FOOT
1557713505533,0.1,STILL
1557713505533,0.1,WALKING
1557713505533,0.1,RUNNING
1557713520609,0.53,STILL
1557713520609,0.23,IN_VEHICLE
1557713520609,0.11,ON_FOOT
1557713520609,0.11,WALKING
1557713520609,0.02,ON_BICYCLE
1557713520609,0.02,UNKNOWN
1557713535657,0.58,STILL
1557713535657,0.21,IN_VEHICLE
1557713535657,0.03,ON_FOOT
1557713535657,0.03,WALKING
1557713535657,0.02,UNKNOWN
1557713535657,0.01,ON_BICYCLE
1557713550750,0.27,STILL
1557713550750,0.21,UNKNOWN
1557713550750,0.16,ON_FOOT
1557713550750,0.16,WALKING
1557713550750,0.14,IN_VEHICLE
1557713550750,0.07,ON_BICYCLE
1557713550750,0.05,RUNNING
1557713565821,0.74,STILL
1557713565821,0.23,IN_VEHICLE
1557713565821,0.01,ON_FOOT
1557713565821,0.01,UNKNOWN
1557713565821,0.01,WALKING
1557713580920,0.89,STILL
1557713580920,0.05,ON_FOOT
1557713580920,0.05,WALKING
1557713580920,0.04,IN_VEHICLE
1557713580920,0.02,UNKNOWN
1557713596034,1.0,STILL
1557713611123,0.32,STILL
1557713611123,0.27,UNKNOWN
1557713611123,0.09,IN_VEHICLE
1557713611123,0.09,ON_FOOT
1557713611123,0.09,WALKING
1557713611123,0.07,ON_BICYCLE
1557713611123,0.07,RUNNING
1557713626177,0.57,STILL
1557713626177,0.18,IN_VEHICLE
1557713626177,0.11,ON_FOOT
1557713626177,0.11,WALKING
1557713626177,0.02,ON_BICYCLE
1557713626177,0.01,UNKNOWN
1557713641222,0.37,STILL
1557713641222,0.27,IN_VEHICLE
1557713641222,0.08,ON_FOOT
1557713641222,0.08,WALKING
1557713641222,0.01,ON_BICYCLE
1557713641222,0.01,UNKNOWN
1557713656294,0.37,STILL
1557713656294,0.22,ON_FOOT
1557713656294,0.22,WALKING
1557713656294,0.21,IN_VEHICLE
1557713656294,0.02,ON_BICYCLE
1557713656294,0.02,UNKNOWN
1557713671362,0.65,STILL
1557713671362,0.17,IN_VEHICLE
1557713671362,0.06,ON_FOOT
1557713671362,0.06,WALKING
1557713671362,0.03,UNKNOWN
1557713671362,0.01,ON_BICYCLE
1557713686457,0.3,STILL
1557713686457,0.21,UNKNOWN
1557713686457,0.17,IN_VEHICLE
1557713686457,0.1,ON_FOOT
1557713686457,0.1,WALKING
1557713686457,0.06,ON_BICYCLE
1557713686457,0.05,RUNNING
1557713701595,0.71,STILL
1557713701595,0.11,IN_VEHICLE
1557713701595,0.08,ON_FOOT
1557713701595,0.08,WALKING
1557713701595,0.03,UNKNOWN
1557713701595,0.02,ON_BICYCLE
1557713716769,0.36,STILL
1557713716769,0.26,IN_VEHICLE
1557713716769,0.21,ON_FOOT
1557713716769,0.21,WALKING
1557713716769,0.03,ON_BICYCLE
1557713716769,0.02,UNKNOWN
1557713739137,0.27,UNKNOWN
1557713739137,0.23,STILL
1557713739137,0.14,ON_FOOT
1557713739137,0.14,WALKING
1557713739137,0.11,IN_VEHICLE
1557713739137,0.08,ON_BICYCLE
1557713739137,0.07,RUNNING
1557713754226,0.31,UNKNOWN
1557713754226,0.2,STILL
1557713754226,0.12,ON_FOOT
1557713754226,0.12,WALKING
1557713754226,0.11,IN_VEHICLE
1557713754226,0.08,ON_BICYCLE
1557713754226,0.08,RUNNING
1557713758209,0.31,UNKNOWN
1557713758209,0.19,STILL
1557713758209,0.13,IN_VEHICLE
1557713758209,0.1,ON_FOOT
1557713758209,0.1,WALKING
1557713758209,0.08,ON_BICYCLE
1557713758209,0.08,RUNNING
1557713764959,1.0,TILTING
1557713771709,0.47,STILL
1557713771709,0.19,IN_VEHICLE
1557713771709,0.14,ON_FOOT
1557713771709,0.14,WALKING
1557713771709,0.05,ON_BICYCLE
1557713771709,0.02,UNKNOWN
1557713777675,1.0,TILTING
1557713783641,0.55,STILL
1557713783641,0.17,ON_FOOT
1557713783641,0.17,WALKING
1557713783641,0.14,IN_VEHICLE
1557713783641,0.02,ON_BICYCLE
1557713783641,0.02,UNKNOWN
1557713800174,0.27,UNKNOWN
1557713800174,0.24,STILL
1557713800174,0.12,IN_VEHICLE
1557713800174,0.11,ON_FOOT
1557713800174,0.11,WALKING
1557713800174,0.07,ON_BICYCLE
1557713800174,0.07,RUNNING
1557713815258,0.25,UNKNOWN
1557713815258,0.2,STILL
1557713815258,0.16,IN_VEHICLE
1557713815258,0.11,ON_FOOT
1557713815258,0.11,WALKING
1557713815258,0.07,ON_BICYCLE
1557713815258,0.06,RUNNING
1557713819457,0.26,STILL
1557713819457,0.21,UNKNOWN
1557713819457,0.18,IN_VEHICLE
1557713819457,0.1,ON_FOOT
1557713819457,0.1,WALKING
1557713819457,0.06,ON_BICYCLE
1557713819457,0.05,RUNNING
1557713823447,0.54,STILL
1557713823447,0.21,IN_VEHICLE
1557713823447,0.07,ON_FOOT
1557713823447,0.07,WALKING
1557713823447,0.02,UNKNOWN
1557713823447,0.01,ON_BICYCLE
1557713838527,0.4,UNKNOWN
1557713838527,0.1,IN_VEHICLE
1557713838527,0.1,ON_BICYCLE
1557713838527,0.1,ON_FOOT
1557713838527,0.1,STILL
1557713838527,0.1,WALKING
1557713838527,0.1,RUNNING
1557713846122,1.0,TILTING
1557713853717,0.39,STILL
1557713853717,0.24,ON_FOOT
1557713853717,0.24,WALKING
1557713853717,0.18,IN_VEHICLE
1557713853717,0.05,ON_BICYCLE
1557713853717,0.02,UNKNOWN
1557713853717,0.0,RUNNING
1557713861384,1.0,TILTING
1557713869050,1.0,STILL
1557713876621,1.0,TILTING
1557713884192,0.33,STILL
1557713884192,0.21,UNKNOWN
1557713884192,0.15,IN_VEHICLE
1557713884192,0.07,ON_FOOT
1557713884192,0.07,WALKING
1557713884192,0.06,ON_BICYCLE
1557713884192,0.05,RUNNING
1557713899302,0.77,STILL
1557713899302,0.11,IN_VEHICLE
1557713899302,0.03,ON_FOOT
1557713899302,0.03,WALKING
1557713899302,0.02,UNKNOWN
1557713899302,0.01,ON_BICYCLE
1557713907671,1.0,TILTING
1557713916040,0.55,STILL
1557713916040,0.19,ON_FOOT
1557713916040,0.19,WALKING
1557713916040,0.11,IN_VEHICLE
1557713916040,0.05,ON_BICYCLE
1557713916040,0.01,UNKNOWN
1557713923635,1.0,TILTING
1557713931229,0.48,STILL
1557713931229,0.33,ON_FOOT
1557713931229,0.33,WALKING
1557713931229,0.09,ON_BICYCLE
1557713931229,0.03,IN_VEHICLE
1557713931229,0.02,UNKNOWN
1557713931229,0.02,RUNNING
1557713946451,0.71,STILL
1557713946451,0.11,ON_FOOT
1557713946451,0.11,WALKING
1557713946451,0.08,IN_VEHICLE
1557713946451,0.03,ON_BICYCLE
1557713946451,0.02,UNKNOWN
1557713961587,0.73,STILL
1557713961587,0.11,ON_FOOT
1557713961587,0.11,WALKING
1557713961587,0.07,IN_VEHICLE
1557713961587,0.03,ON_BICYCLE
1557713961587,0.02,UNKNOWN
1557713976694,1.0,STILL
1557713991819,0.87,STILL
1557713991819,0.06,IN_VEHICLE
1557713991819,0.02,ON_BICYCLE
1557713991819,0.02,ON_FOOT
1557713991819,0.02,UNKNOWN
1557713991819,0.02,WALKING
1557714006926,0.3,STILL
1557714006926,0.29,ON_FOOT
1557714006926,0.29,WALKING
1557714006926,0.17,IN_VEHICLE
1557714006926,0.07,ON_BICYCLE
1557714006926,0.02,UNKNOWN
1557714014490,1.0,TILTING
1557714022054,0.28,STILL
1557714022054,0.27,UNKNOWN
1557714022054,0.12,IN_VEHICLE
1557714022054,0.08,ON_FOOT
1557714022054,0.08,WALKING
1557714022054,0.07,ON_BICYCLE
1557714022054,0.07,RUNNING
1557714029645,1.0,TILTING
1557714037236,0.32,STILL
1557714037236,0.21,IN_VEHICLE
1557714037236,0.19,ON_FOOT
1557714037236,0.19,WALKING
1557714037236,0.06,ON_BICYCLE
1557714037236,0.01,UNKNOWN
1557714052379,0.42,STILL
1557714052379,0.27,ON_FOOT
1557714052379,0.27,WALKING
1557714052379,0.13,IN_VEHICLE
1557714052379,0.09,ON_BICYCLE
1557714052379,0.03,UNKNOWN
1557714059938,1.0,TILTING
1557714067497,0.34,STILL
1557714067497,0.31,ON_FOOT
1557714067497,0.31,WALKING
1557714067497,0.21,IN_VEHICLE
1557714067497,0.03,ON_BICYCLE
1557714067497,0.03,UNKNOWN
1557714082688,0.82,STILL
1557714082688,0.07,ON_FOOT
1557714082688,0.07,WALKING
1557714082688,0.04,IN_VEHICLE
1557714082688,0.02,ON_BICYCLE
1557714082688,0.02,UNKNOWN
1557714097855,0.45,STILL
1557714097855,0.22,IN_VEHICLE
1557714097855,0.11,ON_FOOT
1557714097855,0.11,WALKING
1557714097855,0.02,UNKNOWN
1557714097855,0.01,ON_BICYCLE
1557714113038,0.63,STILL
1557714113038,0.16,IN_VEHICLE
1557714113038,0.09,ON_FOOT
1557714113038,0.09,WALKING
1557714113038,0.02,ON_BICYCLE
1557714113038,0.01,UNKNOWN
1557714128160,0.61,STILL
1557714128160,0.39,ON_FOOT
1557714128160,0.39,WALKING
1557714139666,0.6,STILL
1557714139666,0.18,IN_VEHICLE
1557714139666,0.08,ON_FOOT
1557714139666,0.08,WALKING
1557714139666,0.02,ON_BICYCLE
1557714139666,0.02,UNKNOWN
1557714156042,0.72,STILL
1557714156042,0.12,IN_VEHICLE
1557714156042,0.04,ON_FOOT
1557714156042,0.04,WALKING
1557714156042,0.02,UNKNOWN
1557714156042,0.01,ON_BICYCLE
1557714171128,0.25,STILL
1557714171128,0.21,UNKNOWN
1557714171128,0.19,IN_VEHICLE
1557714171128,0.15,ON_FOOT
1557714171128,0.15,WALKING
1557714171128,0.07,ON_BICYCLE
1557714171128,0.05,RUNNING
1557714186260,0.26,STILL
1557714186260,0.21,UNKNOWN
1557714186260,0.17,ON_FOOT
1557714186260,0.17,WALKING
1557714186260,0.13,IN_VEHICLE
1557714186260,0.07,ON_BICYCLE
1557714186260,0.05,RUNNING
1557714197740,0.55,STILL
1557714197740,0.2,IN_VEHICLE
1557714197740,0.05,ON_FOOT
1557714197740,0.05,WALKING
1557714197740,0.02,UNKNOWN
1557714197740,0.01,ON_BICYCLE
1557714212896,0.59,STILL
1557714212896,0.16,IN_VEHICLE
1557714212896,0.09,ON_FOOT
1557714212896,0.09,WALKING
1557714212896,0.02,ON_BICYCLE
1557714212896,0.01,UNKNOWN
1557714228062,0.55,STILL
1557714228062,0.18,IN_VEHICLE
1557714228062,0.11,ON_FOOT
1557714228062,0.11,WALKING
1557714228062,0.02,UNKNOWN
1557714228062,0.01,ON_BICYCLE
1557714243184,0.42,STILL
1557714243184,0.31,IN_VEHICLE
1557714243184,0.13,ON_FOOT
1557714243184,0.13,WALKING
1557714243184,0.02,ON_BICYCLE
1557714243184,0.02,UNKNOWN
1557714258304,0.75,STILL
1557714258304,0.1,IN_VEHICLE
1557714258304,0.07,ON_FOOT
1557714258304,0.07,WALKING
1557714258304,0.03,ON_BICYCLE
1557714258304,0.01,UNKNOWN
1557714273457,0.57,STILL
1557714273457,0.19,IN_VEHICLE
1557714273457,0.09,ON_FOOT
1557714273457,0.09,WALKING
1557714273457,0.02,ON_BICYCLE
1557714273457,0.01,UNKNOWN
1557714288661,1.0,STILL
1557714303779,0.32,STILL
1557714303779,0.28,UNKNOWN
1557714303779,0.09,IN_VEHICLE
1557714303779,0.08,ON_FOOT
1557714303779,0.08,WALKING
1557714303779,0.07,ON_BICYCLE
1557714303779,0.07,RUNNING
1557714311375,1.0,TILTING
1557714318971,0.85,STILL
1557714318971,0.12,ON_FOOT
1557714318971,0.12,RUNNING
1557714318971,0.02,UNKNOWN
1557714318971,0.01,ON_BICYCLE
1557714334138,0.62,STILL
1557714334138,0.23,ON_FOOT
1557714334138,0.23,WALKING
1557714334138,0.05,IN_VEHICLE
1557714334138,0.05,RUNNING
1557714334138,0.03,ON_BICYCLE
1557714349247,0.8,STILL
1557714349247,0.14,ON_FOOT
1557714349247,0.14,WALKING
1557714349247,0.02,IN_VEHICLE
1557714349247,0.02,UNKNOWN
1557714349247,0.01,ON_BICYCLE
1557714349247,0.01,RUNNING
1557714472814,1.0,TILTING
1557714596380,0.85,STILL
1557714596380,0.08,IN_VEHICLE
1557714596380,0.03,ON_FOOT
1557714596380,0.03,WALKING
1557714596380,0.02,UNKNOWN
1557714596380,0.01,ON_BICYCLE
1557714919304,1.0,TILTING
1557715242228,0.97,ON_FOOT
1557715242228,0.97,WALKING
1557715242228,0.02,UNKNOWN
1557715242228,0.01,RUNNING
1557715242228,0.0,STILL
1557715251548,1.0,TILTING
1557715260867,0.87,ON_FOOT
1557715260867,0.87,WALKING
1557715260867,0.05,STILL
1557715260867,0.04,ON_BICYCLE
1557715260867,0.02,UNKNOWN
1557715260867,0.01,IN_VEHICLE
1557715260867,0.01,RUNNING
1557715275407,0.98,ON_FOOT
1557715275407,0.98,WALKING
1557715275407,0.02,UNKNOWN
1557715287699,0.97,ON_FOOT
1557715287699,0.97,WALKING
1557715287699,0.01,ON_BICYCLE
1557715287699,0.01,STILL
1557715287699,0.01,UNKNOWN
1557715302794,0.97,ON_FOOT
1557715302794,0.97,WALKING
1557715302794,0.02,UNKNOWN
1557715302794,0.01,STILL
1557715317249,0.98,ON_FOOT
1557715317249,0.98,WALKING
1557715317249,0.02,UNKNOWN
1557715321772,1.0,TILTING
1557715326295,0.91,ON_FOOT
1557715326295,0.91,WALKING
1557715326295,0.04,STILL
1557715326295,0.03,UNKNOWN
1557715326295,0.01,ON_BICYCLE
1557715326295,0.01,RUNNING
1557715328536,1.0,TILTING
1557715330777,0.96,ON_FOOT
1557715330777,0.96,WALKING
1557715330777,0.03,RUNNING
1557715330777,0.01,UNKNOWN
1557715342471,0.82,ON_FOOT
1557715342471,0.82,WALKING
1557715342471,0.15,ON_BICYCLE
1557715342471,0.02,UNKNOWN
1557715342471,0.01,RUNNING
1557715357631,0.96,ON_FOOT
1557715357631,0.96,WALKING
1557715357631,0.01,ON_BICYCLE
1557715357631,0.01,STILL
1557715357631,0.01,UNKNOWN
1557715357631,0.01,RUNNING
1557715372731,0.98,ON_FOOT
1557715372731,0.98,WALKING
1557715372731,0.01,UNKNOWN
1557715372731,0.01,RUNNING
1557715387894,0.99,ON_FOOT
1557715387894,0.99,WALKING
1557715387894,0.01,UNKNOWN
1557715403013,0.99,ON_FOOT
1557715403013,0.99,WALKING
1557715403013,0.01,UNKNOWN
1557715418131,0.97,ON_FOOT
1557715418131,0.97,WALKING
1557715418131,0.02,UNKNOWN
1557715418131,0.01,STILL
1557715433222,1.0,ON_FOOT
1557715433222,1.0,WALKING
1557715448298,0.98,ON_FOOT
1557715448298,0.98,WALKING
1557715448298,0.02,UNKNOWN
1557715463379,0.96,ON_FOOT
1557715463379,0.96,WALKING
1557715463379,0.02,UNKNOWN
1557715463379,0.01,STILL
1557715463379,0.01,RUNNING
1557715478465,1.0,ON_FOOT
1557715478465,1.0,WALKING
1557715493632,0.99,ON_FOOT
1557715493632,0.99,WALKING
1557715493632,0.01,UNKNOWN
1557715501951,1.0,TILTING
1557715510269,0.98,ON_FOOT
1557715510269,0.98,WALKING
1557715510269,0.02,UNKNOWN
1557715514872,0.98,ON_FOOT
1557715514872,0.98,WALKING
1557715514872,0.02,UNKNOWN
1557715519372,1.0,TILTING
1557715523872,0.5,ON_FOOT
1557715523872,0.5,WALKING
1557715523872,0.22,UNKNOWN
1557715523872,0.09,STILL
1557715523872,0.06,RUNNING
1557715523872,0.05,IN_VEHICLE
1557715523872,0.05,ON_BICYCLE
1557715531441,1.0,TILTING
1557715539009,0.55,ON_FOOT
1557715539009,0.55,WALKING
1557715539009,0.21,UNKNOWN
1557715539009,0.05,IN_VEHICLE
1557715539009,0.05,ON_BICYCLE
1557715539009,0.05,STILL
1557715539009,0.05,RUNNING
1557715555860,0.31,UNKNOWN
1557715555860,0.27,ON_FOOT
1557715555860,0.27,WALKING
1557715555860,0.1,STILL
1557715555860,0.09,IN_VEHICLE
1557715555860,0.08,ON_BICYCLE
1557715555860,0.08,RUNNING
1557715575794,0.4,UNKNOWN
1557715575794,0.1,IN_VEHICLE
1557715575794,0.1,ON_BICYCLE
1557715575794,0.1,ON_FOOT
1557715575794,0.1,STILL
1557715575794,0.1,WALKING
1557715575794,0.1,RUNNING
1557715591740,0.4,UNKNOWN
1557715591740,0.1,IN_VEHICLE
1557715591740,0.1,ON_BICYCLE
1557715591740,0.1,ON_FOOT
1557715591740,0.1,STILL
1557715591740,0.1,WALKING
1557715591740,0.1,RUNNING
1557715607839,0.4,UNKNOWN
1557715607839,0.1,IN_VEHICLE
1557715607839,0.1,ON_BICYCLE
1557715607839,0.1,ON_FOOT
1557715607839,0.1,STILL
1557715607839,0.1,WALKING
1557715607839,0.1,RUNNING
1557715624113,0.25,UNKNOWN
1557715624113,0.21,STILL
1557715624113,0.17,IN_VEHICLE
1557715624113,0.13,ON_FOOT
1557715624113,0.13,WALKING
1557715624113,0.07,ON_BICYCLE
1557715624113,0.06,RUNNING
1557715639196,0.31,UNKNOWN
1557715639196,0.16,STILL
1557715639196,0.15,IN_VEHICLE
1557715639196,0.13,ON_FOOT
1557715639196,0.13,WALKING
1557715639196,0.09,ON_BICYCLE
1557715639196,0.08,RUNNING
1557715660771,0.44,ON_FOOT
1557715660771,0.44,WALKING
1557715660771,0.17,UNKNOWN
1557715660771,0.13,STILL
1557715660771,0.09,IN_VEHICLE
1557715660771,0.06,ON_BICYCLE
1557715660771,0.04,RUNNING
1557715676801,0.4,UNKNOWN
1557715676801,0.1,IN_VEHICLE
1557715676801,0.1,ON_BICYCLE
1557715676801,0.1,ON_FOOT
1557715676801,0.1,STILL
1557715676801,0.1,WALKING
1557715676801,0.1,RUNNING
1557715692813,0.3,ON_FOOT
1557715692813,0.3,UNKNOWN
1557715692813,0.3,WALKING
1557715692813,0.09,STILL
1557715692813,0.08,IN_VEHICLE
1557715692813,0.08,ON_BICYCLE
1557715692813,0.08,RUNNING
1557715709186,0.4,UNKNOWN
1557715709186,0.1,IN_VEHICLE
1557715709186,0.1,ON_BICYCLE
1557715709186,0.1,ON_FOOT
1557715709186,0.1,STILL
1557715709186,0.1,WALKING
1557715709186,0.1,RUNNING
1557715724278,0.31,UNKNOWN
1557715724278,0.15,STILL
1557715724278,0.14,IN_VEHICLE
1557715724278,0.13,ON_FOOT
1557715724278,0.13,WALKING
1557715724278,0.11,ON_BICYCLE
1557715724278,0.08,RUNNING
1557715730610,0.31,UNKNOWN
1557715730610,0.15,IN_VEHICLE
1557715730610,0.15,STILL
1557715730610,0.12,ON_FOOT
1557715730610,0.12,WALKING
1557715730610,0.1,ON_BICYCLE
1557715730610,0.08,RUNNING
1557715734389,0.4,UNKNOWN
1557715734389,0.1,IN_VEHICLE
1557715734389,0.1,ON_BICYCLE
1557715734389,0.1,ON_FOOT
1557715734389,0.1,STILL
1557715734389,0.1,WALKING
1557715734389,0.1,RUNNING
1557715742380,1.0,TILTING
1557715750371,0.4,UNKNOWN
1557715750371,0.1,IN_VEHICLE
1557715750371,0.1,ON_BICYCLE
1557715750371,0.1,ON_FOOT
1557715750371,0.1,STILL
1557715750371,0.1,WALKING
1557715750371,0.1,RUNNING
1557715765081,0.95,ON_FOOT
1557715765081,0.95,WALKING
1557715765081,0.02,STILL
1557715765081,0.02,UNKNOWN
1557715765081,0.01,ON_BICYCLE
1557715765081,0.0,IN_VEHICLE
1557715777526,0.53,ON_FOOT
1557715777526,0.53,WALKING
1557715777526,0.21,UNKNOWN
1557715777526,0.06,ON_BICYCLE
1557715777526,0.06,STILL
1557715777526,0.05,IN_VEHICLE
1557715777526,0.05,RUNNING
1557715800860,0.3,UNKNOWN
1557715800860,0.24,ON_BICYCLE
1557715800860,0.1,IN_VEHICLE
1557715800860,0.1,ON_FOOT
1557715800860,0.1,WALKING
1557715800860,0.09,STILL
1557715800860,0.08,RUNNING
1557715808345,0.4,UNKNOWN
1557715808345,0.1,IN_VEHICLE
1557715808345,0.1,ON_BICYCLE
1557715808345,0.1,ON_FOOT
1557715808345,0.1,STILL
1557715808345,0.1,WALKING
1557715808345,0.1,RUNNING
1557715827590,0.31,UNKNOWN
1557715827590,0.29,ON_FOOT
1557715827590,0.29,WALKING
1557715827590,0.1,IN_VEHICLE
1557715827590,0.09,STILL
1557715827590,0.08,ON_BICYCLE
1557715827590,0.08,RUNNING
1557715842729,0.4,UNKNOWN
1557715842729,0.1,IN_VEHICLE
1557715842729,0.1,ON_BICYCLE
1557715842729,0.1,ON_FOOT
1557715842729,0.1,STILL
1557715842729,0.1,WALKING
1557715842729,0.1,RUNNING
1557715852716,0.4,UNKNOWN
1557715852716,0.1,IN_VEHICLE
1557715852716,0.1,ON_BICYCLE
1557715852716,0.1,ON_FOOT
1557715852716,0.1,STILL
1557715852716,0.1,WALKING
1557715852716,0.1,RUNNING
1557715856773,0.4,UNKNOWN
1557715856773,0.1,IN_VEHICLE
1557715856773,0.1,ON_BICYCLE
1557715856773,0.1,ON_FOOT
1557715856773,0.1,STILL
1557715856773,0.1,WALKING
1557715856773,0.1,RUNNING
1557715875948,0.31,UNKNOWN
1557715875948,0.16,STILL
1557715875948,0.14,IN_VEHICLE
1557715875948,0.12,ON_FOOT
1557715875948,0.12,WALKING
1557715875948,0.09,ON_BICYCLE
1557715875948,0.08,RUNNING
1557715891131,0.31,UNKNOWN
1557715891131,0.27,ON_FOOT
1557715891131,0.27,WALKING
1557715891131,0.11,STILL
1557715891131,0.08,IN_VEHICLE
1557715891131,0.08,ON_BICYCLE
1557715891131,0.08,RUNNING
1557715906208,0.4,UNKNOWN
1557715906208,0.1,IN_VEHICLE
1557715906208,0.1,ON_BICYCLE
1557715906208,0.1,ON_FOOT
1557715906208,0.1,STILL
1557715906208,0.1,WALKING
1557715906208,0.1,RUNNING
1557715921288,0.26,STILL
1557715921288,0.21,UNKNOWN
1557715921288,0.18,IN_VEHICLE
1557715921288,0.15,ON_FOOT
1557715921288,0.15,WALKING
1557715921288,0.07,ON_BICYCLE
1557715921288,0.05,RUNNING
1557715936424,0.63,STILL
1557715936424,0.12,IN_VEHICLE
1557715936424,0.11,ON_FOOT
1557715936424,0.11,WALKING
1557715936424,0.02,UNKNOWN
1557715936424,0.01,ON_BICYCLE
1557715951598,0.4,UNKNOWN
1557715951598,0.1,IN_VEHICLE
1557715951598,0.1,ON_BICYCLE
1557715951598,0.1,ON_FOOT
1557715951598,0.1,STILL
1557715951598,0.1,WALKING
1557715951598,0.1,RUNNING
1557715959212,0.4,UNKNOWN
1557715959212,0.1,IN_VEHICLE
1557715959212,0.1,ON_BICYCLE
1557715959212,0.1,ON_FOOT
1557715959212,0.1,STILL
1557715959212,0.1,WALKING
1557715959212,0.1,RUNNING
1557715977935,0.45,ON_FOOT
1557715977935,0.45,WALKING
1557715977935,0.22,UNKNOWN
1557715977935,0.09,STILL
1557715977935,0.08,IN_VEHICLE
1557715977935,0.05,ON_BICYCLE
1557715977935,0.05,RUNNING
1557715993251,0.34,ON_FOOT
1557715993251,0.34,WALKING
1557715993251,0.28,UNKNOWN
1557715993251,0.09,STILL
1557715993251,0.08,IN_VEHICLE
1557715993251,0.07,ON_BICYCLE
1557715993251,0.07,RUNNING
1557716010052,0.4,UNKNOWN
1557716010052,0.1,IN_VEHICLE
1557716010052,0.1,ON_BICYCLE
1557716010052,0.1,ON_FOOT
1557716010052,0.1,STILL
1557716010052,0.1,WALKING
1557716010052,0.1,RUNNING
1557716025137,0.4,UNKNOWN
1557716025137,0.1,IN_VEHICLE
1557716025137,0.1,ON_BICYCLE
1557716025137,0.1,ON_FOOT
1557716025137,0.1,STILL
1557716025137,0.1,WALKING
1557716025137,0.1,RUNNING
1557716033752,0.4,UNKNOWN
1557716033752,0.1,IN_VEHICLE
1557716033752,0.1,ON_BICYCLE
1557716033752,0.1,ON_FOOT
1557716033752,0.1,STILL
1557716033752,0.1,WALKING
1557716033752,0.1,RUNNING
1557716042500,1.0,TILTING
1557716051247,0.29,ON_FOOT
1557716051247,0.29,WALKING
1557716051247,0.21,UNKNOWN
1557716051247,0.16,STILL
1557716051247,0.13,IN_VEHICLE
1557716051247,0.07,ON_BICYCLE
1557716051247,0.05,RUNNING
1557716058838,1.0,TILTING
1557716066428,0.31,UNKNOWN
1557716066428,0.15,STILL
1557716066428,0.14,IN_VEHICLE
1557716066428,0.13,ON_FOOT
1557716066428,0.13,WALKING
1557716066428,0.09,ON_BICYCLE
1557716066428,0.08,RUNNING
1557716083142,0.5,UNKNOWN
1557716083142,0.11,IN_VEHICLE
1557716083142,0.06,STILL
1557716083142,0.03,ON_FOOT
1557716083142,0.03,WALKING
1557716083142,0.02,ON_BICYCLE
1557716083142,0.02,RUNNING
1557716099167,0.25,UNKNOWN
1557716099167,0.21,STILL
1557716099167,0.18,ON_FOOT
1557716099167,0.18,WALKING
1557716099167,0.13,IN_VEHICLE
1557716099167,0.07,ON_BICYCLE
1557716099167,0.06,RUNNING
1557716114311,0.27,STILL
1557716114311,0.21,UNKNOWN
1557716114311,0.15,ON_FOOT
1557716114311,0.15,WALKING
1557716114311,0.14,IN_VEHICLE
1557716114311,0.07,ON_BICYCLE
1557716114311,0.05,RUNNING
1557716129472,1.0,STILL
1557716144593,0.72,STILL
1557716144593,0.12,IN_VEHICLE
1557716144593,0.07,ON_FOOT
1557716144593,0.07,WALKING
1557716144593,0.02,ON_BICYCLE
1557716144593,0.02,UNKNOWN
1557716159728,1.0,STILL
1557716174868,1.0,STILL
1557716190066,0.31,STILL
1557716190066,0.27,UNKNOWN
1557716190066,0.13,ON_FOOT
1557716190066,0.13,WALKING
1557716190066,0.07,IN_VEHICLE
1557716190066,0.07,ON_BICYCLE
1557716190066,0.07,RUNNING
1557716205210,0.5,UNKNOWN
1557716205210,0.13,IN_VEHICLE
1557716205210,0.03,STILL
1557716205210,0.01,ON_BICYCLE
1557716205210,0.01,ON_FOOT
1557716205210,0.01,WALKING
1557716205210,0.01,RUNNING
1557716219215,0.31,UNKNOWN
1557716219215,0.27,IN_VEHICLE
1557716219215,0.1,STILL
1557716219215,0.08,ON_BICYCLE
1557716219215,0.08,ON_FOOT
1557716219215,0.08,WALKING
1557716219215,0.08,RUNNING
1557716235434,0.4,UNKNOWN
1557716235434,0.1,IN_VEHICLE
1557716235434,0.1,ON_BICYCLE
1557716235434,0.1,ON_FOOT
1557716235434,0.1,STILL
1557716235434,0.1,WALKING
1557716235434,0.1,RUNNING
1557716250608,0.94,STILL
1557716250608,0.03,ON_FOOT
1557716250608,0.03,WALKING
1557716250608,0.01,IN_VEHICLE
1557716250608,0.01,ON_BICYCLE
1557716250608,0.01,UNKNOWN
1557716265732,1.0,STILL
1557716280806,1.0,STILL
1557716297449,1.0,STILL
1557716312671,1.0,STILL
1557716327895,1.0,STILL
1557716343069,1.0,STILL
1557716358173,1.0,STILL
1557716373258,1.0,STILL
1557716388407,1.0,STILL
1557716403525,1.0,STILL
1557716418667,1.0,STILL
1557716433788,1.0,STILL
1557716448969,1.0,STILL
1557716464077,1.0,STILL
1557716479208,1.0,STILL
1557716494323,1.0,STILL
1557716509407,1.0,STILL
1557716524493,1.0,STILL
1557716536523,1.0,STILL
1557716551664,1.0,STILL
1557716566795,1.0,STILL
1557716581900,1.0,STILL
1557716597010,1.0,STILL
1557716612142,1.0,STILL
1557716627228,1.0,STILL
1557716642347,1.0,STILL
1557716657453,1.0,STILL
1557716672541,1.0,STILL
1557716687912,1.0,STILL
1557716703012,1.0,STILL
1557716718161,1.0,STILL
1557716733249,1.0,STILL
1557717082845,0.74,STILL
1557717082845,0.11,IN_VEHICLE
1557717082845,0.08,ON_FOOT
1557717082845,0.08,WALKING
1557717082845,0.02,ON_BICYCLE
1557717082845,0.02,UNKNOWN
1557717126474,1.0,TILTING
1557717170103,0.94,ON_FOOT
1557717170103,0.94,WALKING
1557717170103,0.02,UNKNOWN
1557717170103,0.01,IN_VEHICLE
1557717170103,0.01,ON_BICYCLE
1557717170103,0.01,STILL
1557717170103,0.01,RUNNING
1557717189070,0.99,ON_FOOT
1557717189070,0.99,WALKING
1557717189070,0.01,UNKNOWN
1557717201515,0.44,ON_FOOT
1557717201515,0.44,WALKING
1557717201515,0.21,UNKNOWN
1557717201515,0.13,STILL
1557717201515,0.07,ON_BICYCLE
1557717201515,0.06,IN_VEHICLE
1557717201515,0.05,RUNNING
1557717209623,1.0,TILTING
1557717217731,0.99,ON_FOOT
1557717217731,0.99,WALKING
1557717217731,0.01,UNKNOWN
1557717233270,0.92,ON_FOOT
1557717233270,0.92,WALKING
1557717233270,0.03,ON_BICYCLE
1557717233270,0.02,UNKNOWN
1557717233270,0.02,RUNNING
1557717233270,0.01,STILL
1557717248542,0.96,ON_FOOT
1557717248542,0.96,WALKING
1557717248542,0.02,UNKNOWN
1557717248542,0.01,STILL
1557717248542,0.01,RUNNING
1557717263805,0.97,ON_FOOT
1557717263805,0.97,WALKING
1557717263805,0.02,UNKNOWN
1557717263805,0.01,STILL
1557717284932,0.98,ON_FOOT
1557717284932,0.98,WALKING
1557717284932,0.01,STILL
1557717284932,0.01,UNKNOWN
1557717300087,0.97,ON_FOOT
1557717300087,0.97,WALKING
1557717300087,0.01,ON_BICYCLE
1557717300087,0.01,STILL
1557717300087,0.01,UNKNOWN
1557717305738,1.0,TILTING
1557717311389,0.98,ON_FOOT
1557717311389,0.98,WALKING
1557717311389,0.01,STILL
1557717311389,0.01,RUNNING
1557717317995,1.0,TILTING
1557717324601,0.96,ON_FOOT
1557717324601,0.96,WALKING
1557717324601,0.02,UNKNOWN
1557717324601,0.01,ON_BICYCLE
1557717324601,0.01,STILL
1557717332153,1.0,TILTING
1557717339704,0.9,ON_FOOT
1557717339704,0.9,WALKING
1557717339704,0.06,STILL
1557717339704,0.01,IN_VEHICLE
1557717339704,0.01,ON_BICYCLE
1557717339704,0.01,UNKNOWN
1557717339704,0.01,RUNNING
1557717354509,0.39,ON_FOOT
1557717354509,0.39,WALKING
1557717354509,0.26,ON_BICYCLE
1557717354509,0.17,UNKNOWN
1557717354509,0.05,STILL
1557717354509,0.04,IN_VEHICLE
1557717354509,0.04,RUNNING
1557717365650,0.78,ON_FOOT
1557717365650,0.78,WALKING
1557717365650,0.1,STILL
1557717365650,0.05,ON_BICYCLE
1557717365650,0.03,IN_VEHICLE
1557717365650,0.02,UNKNOWN
1557717380757,0.49,ON_FOOT
1557717380757,0.49,WALKING
1557717380757,0.21,UNKNOWN
1557717380757,0.08,STILL
1557717380757,0.06,IN_VEHICLE
1557717380757,0.06,ON_BICYCLE
1557717380757,0.05,RUNNING
1557717388426,1.0,TILTING
1557717396095,0.87,ON_FOOT
1557717396095,0.87,WALKING
1557717396095,0.05,STILL
1557717396095,0.02,IN_VEHICLE
1557717396095,0.02,ON_BICYCLE
1557717396095,0.02,UNKNOWN
1557717396095,0.01,RUNNING
1557717404262,1.0,TILTING
1557717412429,0.91,ON_FOOT
1557717412429,0.91,WALKING
1557717412429,0.04,STILL
1557717412429,0.02,ON_BICYCLE
1557717412429,0.02,UNKNOWN
1557717412429,0.01,RUNNING
1557717425847,0.99,ON_FOOT
1557717425847,0.99,WALKING
1557717425847,0.01,UNKNOWN
1557717437799,0.91,ON_FOOT
1557717437799,0.91,WALKING
1557717437799,0.04,STILL
1557717437799,0.01,IN_VEHICLE
1557717437799,0.01,ON_BICYCLE
1557717437799,0.01,UNKNOWN
1557717437799,0.01,RUNNING
1557717453247,0.98,ON_FOOT
1557717453247,0.98,WALKING
1557717453247,0.01,UNKNOWN
1557717453247,0.01,RUNNING
1557717460946,1.0,TILTING
1557717468644,0.97,ON_FOOT
1557717468644,0.97,WALKING
1557717468644,0.03,RUNNING
1557717476367,1.0,TILTING
1557717484090,0.91,ON_FOOT
1557717484090,0.91,WALKING
1557717484090,0.05,STILL
1557717484090,0.03,UNKNOWN
1557717484090,0.01,ON_BICYCLE
1557717491758,1.0,TILTING
1557717499426,0.91,ON_FOOT
1557717499426,0.91,WALKING
1557717499426,0.03,ON_BICYCLE
1557717499426,0.03,UNKNOWN
1557717499426,0.02,RUNNING
1557717499426,0.01,STILL
1557717501971,1.0,TILTING
1557717504516,0.46,ON_FOOT
1557717504516,0.46,WALKING
1557717504516,0.21,UNKNOWN
1557717504516,0.09,RUNNING
1557717504516,0.07,ON_BICYCLE
1557717504516,0.07,STILL
1557717504516,0.06,IN_VEHICLE
1557717519626,0.46,STILL
1557717519626,0.18,IN_VEHICLE
1557717519626,0.11,UNKNOWN
1557717519626,0.08,ON_FOOT
1557717519626,0.08,WALKING
1557717519626,0.04,ON_BICYCLE
1557717519626,0.03,RUNNING
1557717523405,0.55,STILL
1557717523405,0.17,ON_FOOT
1557717523405,0.17,WALKING
1557717523405,0.12,IN_VEHICLE
1557717523405,0.03,ON_BICYCLE
1557717523405,0.02,UNKNOWN
1557717528491,0.44,STILL
1557717528491,0.21,IN_VEHICLE
1557717528491,0.13,ON_FOOT
1557717528491,0.13,WALKING
1557717528491,0.04,ON_BICYCLE
1557717528491,0.01,UNKNOWN
1557717543631,0.27,UNKNOWN
1557717543631,0.21,STILL
1557717543631,0.13,IN_VEHICLE
1557717543631,0.13,ON_FOOT
1557717543631,0.13,WALKING
1557717543631,0.07,ON_BICYCLE
1557717543631,0.07,RUNNING
1557717558785,0.31,UNKNOWN
1557717558785,0.2,STILL
1557717558785,0.14,IN_VEHICLE
1557717558785,0.08,ON_BICYCLE
1557717558785,0.08,ON_FOOT
1557717558785,0.08,WALKING
1557717558785,0.08,RUNNING
1557717566327,1.0,TILTING
1557717573869,0.53,STILL
1557717573869,0.13,IN_VEHICLE
1557717573869,0.11,ON_FOOT
1557717573869,0.11,UNKNOWN
1557717573869,0.11,WALKING
1557717573869,0.03,ON_BICYCLE
1557717573869,0.03,RUNNING
1557717581442,1.0,TILTING
1557717589015,0.71,STILL
1557717589015,0.19,IN_VEHICLE
1557717589015,0.05,ON_FOOT
1557717589015,0.05,WALKING
1557717589015,0.02,UNKNOWN
1557717589015,0.01,ON_BICYCLE
1557717604108,0.77,STILL
1557717604108,0.15,IN_VEHICLE
1557717604108,0.04,ON_FOOT
1557717604108,0.04,WALKING
1557717604108,0.01,UNKNOWN
1557717619339,0.5,STILL
1557717619339,0.2,ON_FOOT
1557717619339,0.2,WALKING
1557717619339,0.16,IN_VEHICLE
1557717619339,0.02,UNKNOWN
1557717619339,0.01,ON_BICYCLE
1557717635976,0.48,STILL
1557717635976,0.22,IN_VEHICLE
1557717635976,0.18,ON_FOOT
1557717635976,0.18,WALKING
1557717635976,0.03,ON_BICYCLE
1557717635976,0.02,UNKNOWN
1557717651052,0.27,UNKNOWN
1557717651052,0.18,STILL
1557717651052,0.16,IN_VEHICLE
1557717651052,0.15,ON_FOOT
1557717651052,0.15,WALKING
1557717651052,0.08,ON_BICYCLE
1557717651052,0.07,RUNNING
1557717666113,0.4,UNKNOWN
1557717666113,0.1,IN_VEHICLE
1557717666113,0.1,ON_BICYCLE
1557717666113,0.1,ON_FOOT
1557717666113,0.1,STILL
1557717666113,0.1,WALKING
1557717666113,0.1,RUNNING
1557717674732,0.31,UNKNOWN
1557717674732,0.17,STILL
1557717674732,0.15,IN_VEHICLE
1557717674732,0.12,ON_FOOT
1557717674732,0.12,WALKING
1557717674732,0.08,ON_BICYCLE
1557717674732,0.08,RUNNING
1557717684049,1.0,TILTING
1557717693366,0.4,UNKNOWN
1557717693366,0.1,IN_VEHICLE
1557717693366,0.1,ON_BICYCLE
1557717693366,0.1,ON_FOOT
1557717693366,0.1,STILL
1557717693366,0.1,WALKING
1557717693366,0.1,RUNNING
1557717710856,0.31,UNKNOWN
1557717710856,0.19,STILL
1557717710856,0.16,ON_FOOT
1557717710856,0.16,WALKING
1557717710856,0.1,IN_VEHICLE
1557717710856,0.08,ON_BICYCLE
1557717710856,0.08,RUNNING
1557717725931,0.33,STILL
1557717725931,0.25,ON_FOOT
1557717725931,0.25,WALKING
1557717725931,0.12,IN_VEHICLE
1557717725931,0.12,UNKNOWN
1557717725931,0.05,ON_BICYCLE
1557717725931,0.03,RUNNING
1557717741027,0.38,STILL
1557717741027,0.22,UNKNOWN
1557717741027,0.11,IN_VEHICLE
1557717741027,0.1,ON_FOOT
1557717741027,0.1,WALKING
1557717741027,0.06,ON_BICYCLE
1557717741027,0.05,RUNNING
1557717757256,0.71,STILL
1557717757256,0.14,IN_VEHICLE
1557717757256,0.07,ON_FOOT
1557717757256,0.07,WALKING
1557717757256,0.02,UNKNOWN
1557717757256,0.01,ON_BICYCLE
1557717772902,0.67,STILL
1557717772902,0.29,IN_VEHICLE
1557717772902,0.02,ON_FOOT
1557717772902,0.02,UNKNOWN
1557717772902,0.02,WALKING
1557717788257,0.76,STILL
1557717788257,0.08,IN_VEHICLE
1557717788257,0.08,ON_FOOT
1557717788257,0.08,WALKING
1557717788257,0.01,ON_BICYCLE
1557717788257,0.01,UNKNOWN
1557717803546,0.99,STILL
1557717803546,0.01,UNKNOWN
1557717819364,0.97,STILL
1557717819364,0.03,IN_VEHICLE
1557717834901,0.88,STILL
1557717834901,0.05,ON_FOOT
1557717834901,0.05,WALKING
1557717834901,0.03,IN_VEHICLE
1557717834901,0.02,UNKNOWN
1557717834901,0.01,ON_BICYCLE
1557717850323,0.85,STILL
1557717850323,0.1,IN_VEHICLE
1557717850323,0.01,ON_FOOT
1557717850323,0.01,UNKNOWN
1557717850323,0.01,WALKING
1557717865926,0.67,STILL
1557717865926,0.31,IN_VEHICLE
1557717865926,0.01,ON_FOOT
1557717865926,0.01,UNKNOWN
1557717865926,0.01,WALKING
1557717881688,0.76,STILL
1557717881688,0.21,IN_VEHICLE
1557717881688,0.02,UNKNOWN
1557717881688,0.01,ON_FOOT
1557717881688,0.01,WALKING
1557717896935,0.72,STILL
1557717896935,0.09,IN_VEHICLE
1557717896935,0.08,ON_FOOT
1557717896935,0.08,WALKING
1557717896935,0.03,ON_BICYCLE
1557717896935,0.01,UNKNOWN
1557717912075,0.5,STILL
1557717912075,0.22,IN_VEHICLE
1557717912075,0.05,ON_FOOT
1557717912075,0.05,WALKING
1557717912075,0.02,UNKNOWN
1557717912075,0.01,ON_BICYCLE
1557717927160,0.29,STILL
1557717927160,0.27,ON_FOOT
1557717927160,0.27,WALKING
1557717927160,0.26,IN_VEHICLE
1557717927160,0.01,ON_BICYCLE
1557717927160,0.01,UNKNOWN
1557717942305,0.39,STILL
1557717942305,0.24,IN_VEHICLE
1557717942305,0.17,ON_FOOT
1557717942305,0.17,WALKING
1557717942305,0.03,ON_BICYCLE
1557717942305,0.03,UNKNOWN
1557717957382,0.72,STILL
1557717957382,0.12,IN_VEHICLE
1557717957382,0.04,ON_FOOT
1557717957382,0.04,WALKING
1557717957382,0.02,UNKNOWN
1557717957382,0.01,ON_BICYCLE
1557717972453,0.3,UNKNOWN
1557717972453,0.23,STILL
1557717972453,0.13,IN_VEHICLE
1557717972453,0.09,ON_FOOT
1557717972453,0.09,WALKING
1557717972453,0.08,ON_BICYCLE
1557717972453,0.08,RUNNING
1557717987583,0.3,STILL
1557717987583,0.3,UNKNOWN
1557717987583,0.09,ON_FOOT
1557717987583,0.09,WALKING
1557717987583,0.08,IN_VEHICLE
1557717987583,0.08,ON_BICYCLE
1557717987583,0.08,RUNNING
1557718010712,1.0,STILL
1557718025762,0.41,STILL
1557718025762,0.34,IN_VEHICLE
1557718025762,0.1,ON_FOOT
1557718025762,0.1,WALKING
1557718025762,0.04,ON_BICYCLE
1557718025762,0.02,UNKNOWN
1557718040940,0.49,STILL
1557718040940,0.19,IN_VEHICLE
1557718040940,0.13,ON_FOOT
1557718040940,0.13,WALKING
1557718040940,0.03,UNKNOWN
1557718040940,0.01,ON_BICYCLE
1557718056073,0.52,STILL
1557718056073,0.19,ON_FOOT
1557718056073,0.19,WALKING
1557718056073,0.15,IN_VEHICLE
1557718056073,0.03,UNKNOWN
1557718056073,0.02,ON_BICYCLE
1557718071619,0.5,STILL
1557718071619,0.27,IN_VEHICLE
1557718071619,0.06,ON_FOOT
1557718071619,0.06,WALKING
1557718071619,0.02,ON_BICYCLE
1557718071619,0.02,UNKNOWN
1557718096067,0.59,STILL
1557718096067,0.39,IN_VEHICLE
1557718096067,0.01,UNKNOWN
1557718111607,0.49,STILL
1557718111607,0.25,IN_VEHICLE
1557718111607,0.04,ON_FOOT
1557718111607,0.04,WALKING
1557718111607,0.01,ON_BICYCLE
1557718111607,0.01,UNKNOWN
1557718127851,0.33,STILL
1557718127851,0.28,IN_VEHICLE
1557718127851,0.09,ON_FOOT
1557718127851,0.09,WALKING
1557718127851,0.02,UNKNOWN
1557718127851,0.01,ON_BICYCLE
1557718143092,0.79,STILL
1557718143092,0.09,IN_VEHICLE
1557718143092,0.04,ON_FOOT
1557718143092,0.04,WALKING
1557718143092,0.02,UNKNOWN
1557718143092,0.01,ON_BICYCLE
1557718158168,0.42,STILL
1557718158168,0.21,UNKNOWN
1557718158168,0.09,IN_VEHICLE
1557718158168,0.09,ON_FOOT
1557718158168,0.09,WALKING
1557718158168,0.06,ON_BICYCLE
1557718158168,0.05,RUNNING
1557718165721,1.0,TILTING
1557718173273,0.27,UNKNOWN
1557718173273,0.24,STILL
1557718173273,0.13,ON_FOOT
1557718173273,0.13,WALKING
1557718173273,0.11,IN_VEHICLE
1557718173273,0.08,ON_BICYCLE
1557718173273,0.07,RUNNING
1557718188414,0.85,STILL
1557718188414,0.07,ON_FOOT
1557718188414,0.07,WALKING
1557718188414,0.04,IN_VEHICLE
1557718188414,0.01,ON_BICYCLE
1557718188414,0.01,UNKNOWN
1557718203589,0.72,STILL
1557718203589,0.13,IN_VEHICLE
1557718203589,0.07,ON_FOOT
1557718203589,0.07,WALKING
1557718203589,0.02,ON_BICYCLE
1557718203589,0.02,UNKNOWN
1557718218670,0.5,STILL
1557718218670,0.38,ON_FOOT
1557718218670,0.38,WALKING
1557718218670,0.05,IN_VEHICLE
1557718218670,0.02,ON_BICYCLE
1557718218670,0.02,UNKNOWN
1557718233736,0.46,ON_FOOT
1557718233736,0.46,WALKING
1557718233736,0.26,STILL
1557718233736,0.11,UNKNOWN
1557718233736,0.08,IN_VEHICLE
1557718233736,0.03,ON_BICYCLE
1557718233736,0.03,RUNNING
1557718238271,0.95,ON_FOOT
1557718238271,0.95,WALKING
1557718238271,0.03,STILL
1557718238271,0.02,UNKNOWN
1557718242801,0.79,ON_FOOT
1557718242801,0.79,WALKING
1557718242801,0.12,STILL
1557718242801,0.04,IN_VEHICLE
1557718242801,0.01,ON_BICYCLE
1557718242801,0.01,UNKNOWN
1557718261038,0.39,STILL
1557718261038,0.28,ON_FOOT
1557718261038,0.28,WALKING
1557718261038,0.11,UNKNOWN
1557718261038,0.09,IN_VEHICLE
1557718261038,0.03,ON_BICYCLE
1557718261038,0.03,RUNNING
1557718265603,0.37,STILL
1557718265603,0.36,ON_FOOT
1557718265603,0.36,WALKING
1557718265603,0.13,IN_VEHICLE
1557718265603,0.02,UNKNOWN
1557718265603,0.01,ON_BICYCLE
1557718281455,0.38,STILL
1557718281455,0.34,ON_FOOT
1557718281455,0.34,WALKING
1557718281455,0.16,IN_VEHICLE
1557718281455,0.02,UNKNOWN
1557718281455,0.01,ON_BICYCLE
1557718296595,0.8,STILL
1557718296595,0.13,IN_VEHICLE
1557718296595,0.04,ON_FOOT
1557718296595,0.04,WALKING
1557718296595,0.02,UNKNOWN
1557718311693,0.28,STILL
1557718311693,0.21,UNKNOWN
1557718311693,0.2,ON_FOOT
1557718311693,0.2,WALKING
1557718311693,0.11,IN_VEHICLE
1557718311693,0.07,ON_BICYCLE
1557718311693,0.05,RUNNING
1557718326800,0.3,STILL
1557718326800,0.27,UNKNOWN
1557718326800,0.11,IN_VEHICLE
1557718326800,0.08,ON_FOOT
1557718326800,0.08,WALKING
1557718326800,0.07,ON_BICYCLE
1557718326800,0.07,RUNNING
1557718341903,0.3,UNKNOWN
1557718341903,0.23,STILL
1557718341903,0.12,ON_FOOT
1557718341903,0.12,WALKING
1557718341903,0.1,IN_VEHICLE
1557718341903,0.09,ON_BICYCLE
1557718341903,0.08,RUNNING
1557718357070,0.35,STILL
1557718357070,0.21,UNKNOWN
1557718357070,0.13,IN_VEHICLE
1557718357070,0.11,ON_FOOT
1557718357070,0.11,WALKING
1557718357070,0.06,ON_BICYCLE
1557718357070,0.05,RUNNING
1557718372187,0.3,UNKNOWN
1557718372187,0.29,STILL
1557718372187,0.09,IN_VEHICLE
1557718372187,0.09,ON_FOOT
1557718372187,0.09,WALKING
1557718372187,0.08,ON_BICYCLE
1557718372187,0.08,RUNNING
1557718387364,0.39,STILL
1557718387364,0.17,UNKNOWN
1557718387364,0.14,IN_VEHICLE
1557718387364,0.1,ON_FOOT
1557718387364,0.1,WALKING
1557718387364,0.05,ON_BICYCLE
1557718387364,0.04,RUNNING
1557718402463,0.55,STILL
1557718402463,0.2,ON_FOOT
1557718402463,0.2,WALKING
1557718402463,0.14,IN_VEHICLE
1557718402463,0.03,UNKNOWN
1557718402463,0.02,ON_BICYCLE
1557718417560,0.34,STILL
1557718417560,0.21,UNKNOWN
1557718417560,0.14,ON_FOOT
1557718417560,0.14,WALKING
1557718417560,0.12,IN_VEHICLE
1557718417560,0.06,ON_BICYCLE
1557718417560,0.05,RUNNING
1557718432685,1.0,STILL
1557718447768,0.42,STILL
1557718447768,0.34,IN_VEHICLE
1557718447768,0.02,ON_FOOT
1557718447768,0.02,UNKNOWN
1557718447768,0.02,WALKING
1557718447768,0.01,ON_BICYCLE
1557718462867,0.73,STILL
1557718462867,0.14,IN_VEHICLE
1557718462867,0.04,ON_FOOT
1557718462867,0.04,WALKING
1557718462867,0.01,ON_BICYCLE
1557718462867,0.01,UNKNOWN
1557718470429,1.0,TILTING
1557718477990,0.28,STILL
1557718477990,0.27,UNKNOWN
1557718477990,0.12,IN_VEHICLE
1557718477990,0.08,ON_FOOT
1557718477990,0.08,WALKING
1557718477990,0.07,ON_BICYCLE
1557718477990,0.07,RUNNING
1557718493153,0.93,STILL
1557718493153,0.04,ON_FOOT
1557718493153,0.04,WALKING
1557718493153,0.02,IN_VEHICLE
1557718493153,0.01,UNKNOWN
1557718508281,0.87,STILL
1557718508281,0.07,IN_VEHICLE
1557718508281,0.05,ON_FOOT
1557718508281,0.05,WALKING
1557718508281,0.01,UNKNOWN
1557718523353,0.24,STILL
1557718523353,0.21,UNKNOWN
1557718523353,0.2,IN_VEHICLE
1557718523353,0.09,ON_FOOT
1557718523353,0.09,WALKING
1557718523353,0.06,ON_BICYCLE
1557718523353,0.05,RUNNING
1557718538471,0.75,STILL
1557718538471,0.12,IN_VEHICLE
1557718538471,0.04,ON_FOOT
1557718538471,0.04,WALKING
1557718538471,0.02,UNKNOWN
1557718538471,0.01,ON_BICYCLE
1557718553611,0.53,STILL
1557718553611,0.18,IN_VEHICLE
1557718553611,0.11,ON_FOOT
1557718553611,0.11,WALKING
1557718553611,0.03,UNKNOWN
1557718553611,0.01,ON_BICYCLE
1557718575941,0.49,STILL
1557718575941,0.27,IN_VEHICLE
1557718575941,0.11,ON_FOOT
1557718575941,0.11,WALKING
1557718575941,0.03,UNKNOWN
1557718575941,0.01,ON_BICYCLE
1557718591041,0.66,STILL
1557718591041,0.16,ON_FOOT
1557718591041,0.16,WALKING
1557718591041,0.11,IN_VEHICLE
1557718591041,0.02,UNKNOWN
1557718606259,0.79,STILL
1557718606259,0.11,IN_VEHICLE
1557718606259,0.03,ON_FOOT
1557718606259,0.03,WALKING
1557718606259,0.02,UNKNOWN
1557718621448,0.55,STILL
1557718621448,0.18,ON_FOOT
1557718621448,0.18,WALKING
1557718621448,0.16,IN_VEHICLE
1557718621448,0.02,ON_BICYCLE
1557718621448,0.02,UNKNOWN
1557718636558,0.78,STILL
1557718636558,0.08,IN_VEHICLE
1557718636558,0.04,ON_FOOT
1557718636558,0.04,WALKING
1557718636558,0.02,UNKNOWN
1557718636558,0.01,ON_BICYCLE
1557718651659,0.27,UNKNOWN
1557718651659,0.2,STILL
1557718651659,0.15,IN_VEHICLE
1557718651659,0.13,ON_FOOT
1557718651659,0.13,WALKING
1557718651659,0.07,ON_BICYCLE
1557718651659,0.07,RUNNING
1557718663502,0.4,UNKNOWN
1557718663502,0.1,IN_VEHICLE
1557718663502,0.1,ON_BICYCLE
1557718663502,0.1,ON_FOOT
1557718663502,0.1,STILL
1557718663502,0.1,WALKING
1557718663502,0.1,RUNNING
1557718680924,0.43,STILL
1557718680924,0.22,ON_FOOT
1557718680924,0.22,WALKING
1557718680924,0.11,UNKNOWN
1557718680924,0.09,IN_VEHICLE
1557718680924,0.05,ON_BICYCLE
1557718680924,0.03,RUNNING
1557718697328,0.48,STILL
1557718697328,0.31,ON_FOOT
1557718697328,0.31,WALKING
1557718697328,0.1,IN_VEHICLE
1557718697328,0.02,ON_BICYCLE
1557718697328,0.02,UNKNOWN
1557718712420,0.72,STILL
1557718712420,0.11,IN_VEHICLE
1557718712420,0.06,ON_FOOT
1557718712420,0.06,WALKING
1557718712420,0.02,UNKNOWN
1557718712420,0.01,ON_BICYCLE
1557718720570,1.0,TILTING
1557718728719,0.4,UNKNOWN
1557718728719,0.1,IN_VEHICLE
1557718728719,0.1,ON_BICYCLE
1557718728719,0.1,ON_FOOT
1557718728719,0.1,STILL
1557718728719,0.1,WALKING
1557718728719,0.1,RUNNING
1557718744347,0.43,ON_FOOT
1557718744347,0.43,WALKING
1557718744347,0.33,STILL
1557718744347,0.13,IN_VEHICLE
1557718744347,0.03,ON_BICYCLE
1557718744347,0.02,UNKNOWN
1557718744347,0.0,RUNNING
1557718759782,0.97,ON_FOOT
1557718759782,0.97,WALKING
1557718759782,0.03,UNKNOWN
1557718772188,0.95,ON_FOOT
1557718772188,0.95,WALKING
1557718772188,0.02,UNKNOWN
1557718772188,0.01,IN_VEHICLE
1557718772188,0.01,ON_BICYCLE
1557718772188,0.01,STILL
1557718824043,0.4,UNKNOWN
1557718824043,0.1,IN_VEHICLE
1557718824043,0.1,ON_BICYCLE
1557718824043,0.1,ON_FOOT
1557718824043,0.1,STILL
1557718824043,0.1,WALKING
1557718824043,0.1,RUNNING
1557718839290,0.4,UNKNOWN
1557718839290,0.1,IN_VEHICLE
1557718839290,0.1,ON_BICYCLE
1557718839290,0.1,ON_FOOT
1557718839290,0.1,STILL
1557718839290,0.1,WALKING
1557718839290,0.1,RUNNING
1557718854401,0.4,UNKNOWN
1557718854401,0.1,IN_VEHICLE
1557718854401,0.1,ON_BICYCLE
1557718854401,0.1,ON_FOOT
1557718854401,0.1,STILL
1557718854401,0.1,WALKING
1557718854401,0.1,RUNNING
1557718857701,1.0,TILTING
1557718861000,0.31,UNKNOWN
1557718861000,0.3,ON_FOOT
1557718861000,0.3,WALKING
1557718861000,0.09,RUNNING
1557718861000,0.08,IN_VEHICLE
1557718861000,0.08,ON_BICYCLE
1557718861000,0.08,STILL
1557718868714,1.0,TILTING
1557718876427,0.63,STILL
1557718876427,0.24,ON_FOOT
1557718876427,0.24,WALKING
1557718876427,0.04,IN_VEHICLE
1557718876427,0.04,ON_BICYCLE
1557718876427,0.02,UNKNOWN
1557718876427,0.02,RUNNING
1557718889265,0.45,STILL
1557718889265,0.3,ON_FOOT
1557718889265,0.3,WALKING
1557718889265,0.12,IN_VEHICLE
1557718889265,0.06,ON_BICYCLE
1557718889265,0.02,UNKNOWN
1557718889265,0.02,RUNNING
1557718904396,0.55,STILL
1557718904396,0.29,ON_FOOT
1557718904396,0.29,WALKING
1557718904396,0.05,IN_VEHICLE
1557718904396,0.04,ON_BICYCLE
1557718904396,0.03,UNKNOWN
1557718904396,0.02,RUNNING
1557718920305,0.7,STILL
1557718920305,0.23,ON_FOOT
1557718920305,0.23,WALKING
1557718920305,0.02,IN_VEHICLE
1557718920305,0.02,ON_BICYCLE
1557718920305,0.02,UNKNOWN
1557718935437,0.52,STILL
1557718935437,0.29,ON_FOOT
1557718935437,0.29,WALKING
1557718935437,0.05,IN_VEHICLE
1557718935437,0.05,ON_BICYCLE
1557718935437,0.05,RUNNING
1557718935437,0.02,UNKNOWN
1557718950621,0.44,STILL
1557718950621,0.29,ON_FOOT
1557718950621,0.29,WALKING
1557718950621,0.14,IN_VEHICLE
1557718950621,0.06,ON_BICYCLE
1557718950621,0.02,UNKNOWN
1557718950621,0.01,RUNNING
1557718965877,0.52,STILL
1557718965877,0.2,ON_FOOT
1557718965877,0.2,WALKING
1557718965877,0.19,IN_VEHICLE
1557718965877,0.04,ON_BICYCLE
1557718965877,0.01,UNKNOWN
1557718965877,0.01,RUNNING
1557718981061,0.36,STILL
1557718981061,0.21,UNKNOWN
1557718981061,0.19,ON_FOOT
1557718981061,0.19,WALKING
1557718981061,0.07,IN_VEHICLE
1557718981061,0.07,ON_BICYCLE
1557718981061,0.06,RUNNING
1557718996184,0.41,STILL
1557718996184,0.36,ON_FOOT
1557718996184,0.36,WALKING
1557718996184,0.1,ON_BICYCLE
1557718996184,0.04,IN_VEHICLE
1557718996184,0.03,RUNNING
1557718996184,0.02,UNKNOWN
1557719006413,1.0,TILTING
1557719016642,0.87,ON_FOOT
1557719016642,0.87,WALKING
1557719016642,0.05,STILL
1557719016642,0.03,IN_VEHICLE
1557719016642,0.02,ON_BICYCLE
1557719016642,0.02,UNKNOWN
1557719016642,0.01,RUNNING
1557719022309,1.0,TILTING
1557719027975,0.98,ON_FOOT
1557719027975,0.98,WALKING
1557719027975,0.01,UNKNOWN
1557719027975,0.01,RUNNING
1557719047534,1.0,TILTING
1557719067093,0.69,STILL
1557719067093,0.11,UNKNOWN
1557719067093,0.05,IN_VEHICLE
1557719067093,0.05,ON_FOOT
1557719067093,0.05,WALKING
1557719067093,0.03,ON_BICYCLE
1557719067093,0.03,RUNNING
1557719083376,0.33,STILL
1557719083376,0.28,UNKNOWN
1557719083376,0.12,ON_FOOT
1557719083376,0.12,WALKING
1557719083376,0.07,IN_VEHICLE
1557719083376,0.07,ON_BICYCLE
1557719083376,0.07,RUNNING
1557719098495,0.27,UNKNOWN
1557719098495,0.24,STILL
1557719098495,0.14,ON_FOOT
1557719098495,0.14,WALKING
1557719098495,0.12,IN_VEHICLE
1557719098495,0.07,ON_BICYCLE
1557719098495,0.07,RUNNING
1557719113600,0.31,UNKNOWN
1557719113600,0.22,STILL
1557719113600,0.14,IN_VEHICLE
1557719113600,0.09,ON_FOOT
1557719113600,0.09,WALKING
1557719113600,0.08,ON_BICYCLE
1557719113600,0.08,RUNNING
1557719128767,0.55,STILL
1557719128767,0.17,UNKNOWN
1557719128767,0.08,IN_VEHICLE
1557719128767,0.06,ON_FOOT
1557719128767,0.06,WALKING
1557719128767,0.05,ON_BICYCLE
1557719128767,0.04,RUNNING
1557719143912,1.0,STILL
1557719159038,1.0,STILL
1557719174159,1.0,STILL
1557719189257,0.28,STILL
1557719189257,0.21,UNKNOWN
1557719189257,0.14,ON_FOOT
1557719189257,0.14,WALKING
1557719189257,0.13,IN_VEHICLE
1557719189257,0.07,ON_BICYCLE
1557719189257,0.05,RUNNING
1557719198489,0.57,STILL
1557719198489,0.22,ON_FOOT
1557719198489,0.22,WALKING
1557719198489,0.12,IN_VEHICLE
1557719198489,0.02,ON_BICYCLE
1557719198489,0.02,UNKNOWN
1557719203754,0.8,STILL
1557719203754,0.08,IN_VEHICLE
1557719203754,0.04,ON_FOOT
1557719203754,0.04,WALKING
1557719203754,0.02,UNKNOWN
1557719203754,0.01,ON_BICYCLE
1557719218947,0.77,STILL
1557719218947,0.07,IN_VEHICLE
1557719218947,0.07,ON_FOOT
1557719218947,0.07,WALKING
1557719218947,0.02,ON_BICYCLE
1557719218947,0.02,UNKNOWN
1557719234087,1.0,STILL
1557719241625,1.0,TILTING
1557719249163,0.43,STILL
1557719249163,0.25,IN_VEHICLE
1557719249163,0.09,ON_FOOT
1557719249163,0.09,WALKING
1557719249163,0.07,ON_BICYCLE
1557719249163,0.01,UNKNOWN
1557719264283,0.83,STILL
1557719264283,0.06,IN_VEHICLE
1557719264283,0.03,ON_FOOT
1557719264283,0.03,WALKING
1557719264283,0.02,UNKNOWN
1557719264283,0.01,ON_BICYCLE
1557719279392,0.8,STILL
1557719279392,0.09,IN_VEHICLE
1557719279392,0.05,ON_FOOT
1557719279392,0.05,WALKING
1557719279392,0.01,ON_BICYCLE
1557719279392,0.01,UNKNOWN
1557719294499,0.33,STILL
1557719294499,0.21,UNKNOWN
1557719294499,0.14,IN_VEHICLE
1557719294499,0.09,ON_FOOT
1557719294499,0.09,WALKING
1557719294499,0.07,ON_BICYCLE
1557719294499,0.05,RUNNING
1557719310770,0.33,STILL
1557719310770,0.28,ON_FOOT
1557719310770,0.28,WALKING
1557719310770,0.17,IN_VEHICLE
1557719310770,0.03,ON_BICYCLE
1557719310770,0.02,UNKNOWN
1557719325941,0.86,STILL
1557719325941,0.07,IN_VEHICLE
1557719325941,0.03,ON_FOOT
1557719325941,0.03,WALKING
1557719325941,0.01,ON_BICYCLE
1557719325941,0.01,UNKNOWN
1557719341094,0.58,STILL
1557719341094,0.21,IN_VEHICLE
1557719341094,0.13,ON_FOOT
1557719341094,0.13,WALKING
1557719341094,0.02,UNKNOWN
1557719341094,0.01,ON_BICYCLE
1557719357338,0.79,STILL
1557719357338,0.09,IN_VEHICLE
1557719357338,0.05,ON_FOOT
1557719357338,0.05,WALKING
1557719357338,0.02,UNKNOWN
1557719357338,0.01,ON_BICYCLE
1557719372428,0.83,STILL
1557719372428,0.07,IN_VEHICLE
1557719372428,0.03,ON_FOOT
1557719372428,0.03,WALKING
1557719372428,0.01,ON_BICYCLE
1557719372428,0.01,UNKNOWN
1557719394601,0.82,STILL
1557719394601,0.07,IN_VEHICLE
1557719394601,0.03,ON_FOOT
1557719394601,0.03,WALKING
1557719394601,0.01,ON_BICYCLE
1557719394601,0.01,UNKNOWN
1557719409763,0.62,STILL
1557719409763,0.14,IN_VEHICLE
1557719409763,0.1,ON_FOOT
1557719409763,0.1,WALKING
1557719409763,0.02,ON_BICYCLE
1557719409763,0.01,UNKNOWN
1557719424873,0.45,STILL
1557719424873,0.27,IN_VEHICLE
1557719424873,0.11,ON_FOOT
1557719424873,0.11,WALKING
1557719424873,0.03,ON_BICYCLE
1557719424873,0.02,UNKNOWN
1557719440063,1.0,STILL
1557719455213,1.0,STILL
1557719462777,1.0,TILTING
1557719470340,0.97,ON_FOOT
1557719470340,0.97,WALKING
1557719470340,0.02,UNKNOWN
1557719470340,0.0,IN_VEHICLE
1557719470340,0.0,ON_BICYCLE
1557719470340,0.0,STILL
1557719485703,1.0,ON_FOOT
1557719485703,1.0,WALKING
1557719493747,1.0,TILTING
1557719501790,0.37,ON_FOOT
1557719501790,0.37,WALKING
1557719501790,0.27,UNKNOWN
1557719501790,0.08,STILL
1557719501790,0.07,IN_VEHICLE
1557719501790,0.07,ON_BICYCLE
1557719501790,0.07,RUNNING
1557719508916,1.0,TILTING
1557719516042,0.4,UNKNOWN
1557719516042,0.1,IN_VEHICLE
1557719516042,0.1,ON_BICYCLE
1557719516042,0.1,ON_FOOT
1557719516042,0.1,STILL
1557719516042,0.1,WALKING
1557719516042,0.1,RUNNING
1557719525084,1.0,TILTING
1557719534126,0.31,UNKNOWN
1557719534126,0.17,STILL
1557719534126,0.16,ON_FOOT
1557719534126,0.16,WALKING
1557719534126,0.11,IN_VEHICLE
1557719534126,0.08,ON_BICYCLE
1557719534126,0.08,RUNNING
1557719542463,1.0,TILTING
1557719550800,0.3,UNKNOWN
1557719550800,0.17,STILL
1557719550800,0.15,ON_FOOT
1557719550800,0.15,WALKING
1557719550800,0.11,IN_VEHICLE
1557719550800,0.1,ON_BICYCLE
1557719550800,0.08,RUNNING
1557719565994,0.31,STILL
1557719565994,0.31,UNKNOWN
1557719565994,0.09,ON_FOOT
1557719565994,0.09,WALKING
1557719565994,0.08,IN_VEHICLE
1557719565994,0.08,ON_BICYCLE
1557719565994,0.08,RUNNING
1557719581086,0.5,UNKNOWN
1557719581086,0.09,IN_VEHICLE
1557719581086,0.06,STILL
1557719581086,0.04,ON_FOOT
1557719581086,0.04,WALKING
1557719581086,0.02,ON_BICYCLE
1557719581086,0.02,RUNNING
1557719596213,0.92,ON_FOOT
1557719596213,0.92,WALKING
1557719596213,0.02,ON_BICYCLE
1557719596213,0.02,STILL
1557719596213,0.02,UNKNOWN
1557719596213,0.01,IN_VEHICLE
1557719603982,1.0,TILTING
1557719611751,0.45,ON_FOOT
1557719611751,0.45,WALKING
1557719611751,0.21,UNKNOWN
1557719611751,0.12,STILL
1557719611751,0.06,IN_VEHICLE
1557719611751,0.06,ON_BICYCLE
1557719611751,0.06,RUNNING
1557719617697,0.32,ON_FOOT
1557719617697,0.32,WALKING
1557719617697,0.21,UNKNOWN
1557719617697,0.17,STILL
1557719617697,0.12,IN_VEHICLE
1557719617697,0.07,ON_BICYCLE
1557719617697,0.05,RUNNING
1557719627004,0.31,UNKNOWN
1557719627004,0.18,STILL
1557719627004,0.13,IN_VEHICLE
1557719627004,0.13,ON_FOOT
1557719627004,0.13,WALKING
1557719627004,0.09,ON_BICYCLE
1557719627004,0.08,RUNNING
1557719645567,0.31,UNKNOWN
1557719645567,0.18,STILL
1557719645567,0.14,IN_VEHICLE
1557719645567,0.13,ON_FOOT
1557719645567,0.13,WALKING
1557719645567,0.08,ON_BICYCLE
1557719645567,0.08,RUNNING
1557719653624,1.0,TILTING
1557719661681,0.44,ON_FOOT
1557719661681,0.44,WALKING
1557719661681,0.21,UNKNOWN
1557719661681,0.11,STILL
1557719661681,0.06,IN_VEHICLE
1557719661681,0.06,ON_BICYCLE
1557719661681,0.05,RUNNING
1557719667020,0.47,ON_FOOT
1557719667020,0.47,WALKING
1557719667020,0.21,UNKNOWN
1557719667020,0.11,STILL
1557719667020,0.06,IN_VEHICLE
1557719667020,0.06,ON_BICYCLE
1557719667020,0.05,RUNNING
1557719670555,0.31,UNKNOWN
1557719670555,0.28,ON_FOOT
1557719670555,0.28,WALKING
1557719670555,0.1,STILL
1557719670555,0.08,IN_VEHICLE
1557719670555,0.08,ON_BICYCLE
1557719670555,0.08,RUNNING
1557719688499,0.5,ON_FOOT
1557719688499,0.5,WALKING
1557719688499,0.21,UNKNOWN
1557719688499,0.08,STILL
1557719688499,0.06,IN_VEHICLE
1557719688499,0.05,ON_BICYCLE
1557719688499,0.05,RUNNING
1557719705644,0.4,UNKNOWN
1557719705644,0.1,IN_VEHICLE
1557719705644,0.1,ON_BICYCLE
1557719705644,0.1,ON_FOOT
1557719705644,0.1,STILL
1557719705644,0.1,WALKING
1557719705644,0.1,RUNNING
1557719722580,0.4,UNKNOWN
1557719722580,0.1,IN_VEHICLE
1557719722580,0.1,ON_BICYCLE
1557719722580,0.1,ON_FOOT
1557719722580,0.1,STILL
1557719722580,0.1,WALKING
1557719722580,0.1,RUNNING
1557719737635,0.31,UNKNOWN
1557719737635,0.29,ON_FOOT
1557719737635,0.29,WALKING
1557719737635,0.1,STILL
1557719737635,0.08,IN_VEHICLE
1557719737635,0.08,ON_BICYCLE
1557719737635,0.08,RUNNING
1557719743792,0.48,ON_FOOT
1557719743792,0.48,WALKING
1557719743792,0.21,UNKNOWN
1557719743792,0.09,STILL
1557719743792,0.07,IN_VEHICLE
1557719743792,0.05,ON_BICYCLE
1557719743792,0.05,RUNNING
1557719759324,0.37,ON_FOOT
1557719759324,0.37,WALKING
1557719759324,0.27,UNKNOWN
1557719759324,0.09,STILL
1557719759324,0.07,IN_VEHICLE
1557719759324,0.07,ON_BICYCLE
1557719759324,0.07,RUNNING
1557719763840,0.77,ON_FOOT
1557719763840,0.77,WALKING
1557719763840,0.09,STILL
1557719763840,0.08,IN_VEHICLE
1557719763840,0.02,UNKNOWN
1557719772442,0.53,ON_FOOT
1557719772442,0.53,WALKING
1557719772442,0.21,UNKNOWN
1557719772442,0.07,STILL
1557719772442,0.05,IN_VEHICLE
1557719772442,0.05,ON_BICYCLE
1557719772442,0.05,RUNNING
1557719776976,0.95,ON_FOOT
1557719776976,0.95,WALKING
1557719776976,0.02,STILL
1557719776976,0.02,UNKNOWN
1557719776976,0.01,ON_BICYCLE
1557719781500,0.91,ON_FOOT
1557719781500,0.91,WALKING
1557719781500,0.04,STILL
1557719781500,0.02,UNKNOWN
1557719781500,0.01,IN_VEHICLE
1557719781500,0.01,ON_BICYCLE
1557719786159,0.84,ON_FOOT
1557719786159,0.84,WALKING
1557719786159,0.08,STILL
1557719786159,0.02,IN_VEHICLE
1557719786159,0.02,ON_BICYCLE
1557719786159,0.02,UNKNOWN
1557719786159,0.01,RUNNING
1557719791096,0.78,ON_FOOT
1557719791096,0.78,WALKING
1557719791096,0.13,STILL
1557719791096,0.03,IN_VEHICLE
1557719791096,0.02,UNKNOWN
1557719791096,0.01,ON_BICYCLE
1557719799677,1.0,TILTING
1557719808258,0.48,STILL
1557719808258,0.15,IN_VEHICLE
1557719808258,0.11,UNKNOWN
1557719808258,0.1,ON_FOOT
1557719808258,0.1,WALKING
1557719808258,0.05,ON_BICYCLE
1557719808258,0.03,RUNNING
1557719812796,0.65,STILL
1557719812796,0.11,IN_VEHICLE
1557719812796,0.11,ON_FOOT
1557719812796,0.11,WALKING
1557719812796,0.03,ON_BICYCLE
1557719812796,0.01,UNKNOWN
1557719816291,0.57,STILL
1557719816291,0.16,IN_VEHICLE
1557719816291,0.1,ON_FOOT
1557719816291,0.1,WALKING
1557719816291,0.02,ON_BICYCLE
1557719816291,0.01,UNKNOWN
1557719823848,1.0,TILTING
1557719831404,0.38,STILL
1557719831404,0.31,IN_VEHICLE
1557719831404,0.09,ON_FOOT
1557719831404,0.09,WALKING
1557719831404,0.03,ON_BICYCLE
1557719831404,0.02,UNKNOWN
1557719846637,0.77,STILL
1557719846637,0.07,IN_VEHICLE
1557719846637,0.06,ON_FOOT
1557719846637,0.06,WALKING
1557719846637,0.02,UNKNOWN
1557719846637,0.01,ON_BICYCLE
1557719863346,0.37,STILL
1557719863346,0.26,IN_VEHICLE
1557719863346,0.08,ON_FOOT
1557719863346,0.08,WALKING
1557719863346,0.05,ON_BICYCLE
1557719863346,0.03,UNKNOWN
1557719878439,0.51,STILL
1557719878439,0.21,IN_VEHICLE
1557719878439,0.08,ON_FOOT
1557719878439,0.08,WALKING
1557719878439,0.02,ON_BICYCLE
1557719878439,0.02,UNKNOWN
1557719893544,0.72,STILL
1557719893544,0.1,IN_VEHICLE
1557719893544,0.06,ON_FOOT
1557719893544,0.06,WALKING
1557719893544,0.02,UNKNOWN
1557719893544,0.01,ON_BICYCLE
1557719908845,0.56,STILL
1557719908845,0.25,ON_FOOT
1557719908845,0.25,WALKING
1557719908845,0.12,IN_VEHICLE
1557719908845,0.02,ON_BICYCLE
1557719908845,0.02,UNKNOWN
1557719924036,0.91,STILL
1557719924036,0.05,ON_FOOT
1557719924036,0.05,WALKING
1557719924036,0.02,IN_VEHICLE
1557719924036,0.01,UNKNOWN
1557719939462,0.27,UNKNOWN
1557719939462,0.23,STILL
1557719939462,0.16,IN_VEHICLE
1557719939462,0.11,ON_FOOT
1557719939462,0.11,WALKING
1557719939462,0.07,ON_BICYCLE
1557719939462,0.07,RUNNING
1557719954702,0.79,STILL
1557719954702,0.08,ON_FOOT
1557719954702,0.08,WALKING
1557719954702,0.07,IN_VEHICLE
1557719954702,0.02,ON_BICYCLE
1557719954702,0.01,UNKNOWN
1557719971645,1.0,STILL
1557719986819,1.0,STILL
1557720002858,1.0,STILL
1557720019596,1.0,STILL
1557720027791,1.0,TILTING
1557720035985,0.42,STILL
1557720035985,0.27,IN_VEHICLE
1557720035985,0.09,ON_FOOT
1557720035985,0.09,WALKING
1557720035985,0.01,ON_BICYCLE
1557720035985,0.01,UNKNOWN
1557720051074,0.59,STILL
1557720051074,0.19,IN_VEHICLE
1557720051074,0.08,ON_FOOT
1557720051074,0.08,WALKING
1557720051074,0.01,ON_BICYCLE
1557720051074,0.01,UNKNOWN
1557720066149,0.42,STILL
1557720066149,0.22,UNKNOWN
1557720066149,0.11,IN_VEHICLE
1557720066149,0.08,ON_FOOT
1557720066149,0.08,WALKING
1557720066149,0.06,ON_BICYCLE
1557720066149,0.05,RUNNING
1557720081243,0.79,STILL
1557720081243,0.14,IN_VEHICLE
1557720081243,0.03,ON_FOOT
1557720081243,0.03,WALKING
1557720081243,0.02,UNKNOWN
1557720096369,0.54,STILL
1557720096369,0.26,IN_VEHICLE
1557720096369,0.07,ON_FOOT
1557720096369,0.07,WALKING
1557720096369,0.02,UNKNOWN
1557720096369,0.01,ON_BICYCLE
1557720111448,0.51,STILL
1557720111448,0.23,IN_VEHICLE
1557720111448,0.05,ON_FOOT
1557720111448,0.05,WALKING
1557720111448,0.02,UNKNOWN
1557720111448,0.01,ON_BICYCLE
1557720126543,0.62,STILL
1557720126543,0.22,IN_VEHICLE
1557720126543,0.05,ON_FOOT
1557720126543,0.05,WALKING
1557720126543,0.02,UNKNOWN
1557720126543,0.01,ON_BICYCLE
1557720141637,0.82,STILL
1557720141637,0.07,IN_VEHICLE
1557720141637,0.03,ON_FOOT
1557720141637,0.03,WALKING
1557720141637,0.02,UNKNOWN
1557720156824,0.33,STILL
1557720156824,0.32,ON_FOOT
1557720156824,0.32,WALKING
1557720156824,0.22,IN_VEHICLE
1557720156824,0.03,ON_BICYCLE
1557720156824,0.02,UNKNOWN
1557720156824,0.01,RUNNING
1557720171886,0.42,STILL
1557720171886,0.29,IN_VEHICLE
1557720171886,0.06,ON_FOOT
1557720171886,0.06,WALKING
1557720171886,0.02,ON_BICYCLE
1557720171886,0.02,UNKNOWN
1557720186990,0.46,STILL
1557720186990,0.32,IN_VEHICLE
1557720186990,0.08,ON_FOOT
1557720186990,0.08,WALKING
1557720186990,0.01,ON_BICYCLE
1557720186990,0.01,UNKNOWN
1557720202082,0.83,STILL
1557720202082,0.06,IN_VEHICLE
1557720202082,0.04,ON_FOOT
1557720202082,0.04,WALKING
1557720202082,0.01,ON_BICYCLE
1557720202082,0.01,UNKNOWN
1557720217193,0.32,STILL
1557720217193,0.26,IN_VEHICLE
1557720217193,0.15,ON_FOOT
1557720217193,0.15,WALKING
1557720217193,0.03,ON_BICYCLE
1557720217193,0.03,UNKNOWN
1557720232366,1.0,STILL
1557720247524,1.0,STILL
1557720262655,1.0,STILL
1557720279466,1.0,STILL
1557720294583,1.0,STILL
1557720309701,1.0,STILL
1557720324860,1.0,STILL
1557720339976,1.0,STILL
1557720355082,1.0,STILL
1557720370193,1.0,STILL
1557720385279,1.0,STILL
1557720400469,1.0,STILL
1557720421934,1.0,STILL
1557720437045,1.0,STILL
1557721518699,1.0,STILL
1557723413122,1.0,STILL
1557724005675,1.0,TILTING
1557724598228,0.45,STILL
1557724598228,0.26,IN_VEHICLE
1557724598228,0.09,ON_FOOT
1557724598228,0.09,WALKING
1557724598228,0.04,ON_BICYCLE
1557724598228,0.02,UNKNOWN
1557724614005,1.0,TILTING
1557724629781,0.32,ON_FOOT
1557724629781,0.32,WALKING
1557724629781,0.3,UNKNOWN
1557724629781,0.08,IN_VEHICLE
1557724629781,0.08,ON_BICYCLE
1557724629781,0.08,STILL
1557724629781,0.08,RUNNING
1557724638264,0.51,ON_FOOT
1557724638264,0.51,WALKING
1557724638264,0.21,UNKNOWN
1557724638264,0.07,STILL
1557724638264,0.06,IN_VEHICLE
1557724638264,0.06,ON_BICYCLE
1557724638264,0.05,RUNNING
1557724649536,1.0,TILTING
1557724660807,0.31,STILL
1557724660807,0.27,ON_FOOT
1557724660807,0.27,WALKING
1557724660807,0.17,UNKNOWN
1557724660807,0.1,IN_VEHICLE
1557724660807,0.05,ON_BICYCLE
1557724660807,0.04,RUNNING
1557724673905,0.87,STILL
1557724673905,0.13,IN_VEHICLE
1557724689184,0.5,ON_FOOT
1557724689184,0.5,WALKING
1557724689184,0.22,IN_VEHICLE
1557724689184,0.11,UNKNOWN
1557724689184,0.08,STILL
1557724689184,0.03,ON_BICYCLE
1557724689184,0.03,RUNNING
1557724696833,1.0,TILTING
1557724704481,0.97,ON_FOOT
1557724704481,0.97,WALKING
1557724704481,0.01,ON_BICYCLE
1557724704481,0.01,UNKNOWN
1557724704481,0.01,RUNNING
1557724712171,1.0,TILTING
1557724719861,0.98,ON_FOOT
1557724719861,0.98,WALKING
1557724719861,0.02,UNKNOWN
1557724727413,1.0,TILTING
1557724734964,0.96,ON_FOOT
1557724734964,0.96,WALKING
1557724734964,0.03,RUNNING
1557724734964,0.01,UNKNOWN
1557724751103,0.89,ON_FOOT
1557724751103,0.89,WALKING
1557724751103,0.09,RUNNING
1557724751103,0.01,ON_BICYCLE
1557724751103,0.01,UNKNOWN
1557724766222,0.96,ON_FOOT
1557724766222,0.96,WALKING
1557724766222,0.03,RUNNING
1557724766222,0.01,UNKNOWN
1557724781308,0.97,ON_FOOT
1557724781308,0.97,WALKING
1557724781308,0.02,RUNNING
1557724781308,0.01,ON_BICYCLE
1557724796416,0.54,ON_FOOT
1557724796416,0.54,WALKING
1557724796416,0.21,UNKNOWN
1557724796416,0.06,RUNNING
1557724796416,0.05,IN_VEHICLE
1557724796416,0.05,ON_BICYCLE
1557724796416,0.05,STILL
1557724811517,1.0,ON_FOOT
1557724811517,1.0,WALKING
1557724826559,0.95,ON_FOOT
1557724826559,0.95,WALKING
1557724826559,0.02,STILL
1557724826559,0.02,UNKNOWN
1557724826559,0.01,ON_BICYCLE
1557724831092,0.95,ON_FOOT
1557724831092,0.95,WALKING
1557724831092,0.03,UNKNOWN
1557724831092,0.01,ON_BICYCLE
1557724831092,0.01,RUNNING
1557724835683,1.0,ON_FOOT
1557724835683,1.0,WALKING
1557724850804,1.0,ON_FOOT
1557724850804,1.0,WALKING
1557724855377,0.99,ON_FOOT
1557724855377,0.99,WALKING
1557724855377,0.01,RUNNING
1557724867822,0.39,ON_FOOT
1557724867822,0.39,WALKING
1557724867822,0.27,UNKNOWN
1557724867822,0.07,IN_VEHICLE
1557724867822,0.07,ON_BICYCLE
1557724867822,0.07,STILL
1557724867822,0.07,RUNNING
1557724870067,1.0,TILTING
1557724872312,0.95,ON_FOOT
1557724872312,0.95,WALKING
1557724872312,0.05,RUNNING
1557724876866,0.98,ON_FOOT
1557724876866,0.98,WALKING
1557724876866,0.02,RUNNING
1557724879134,1.0,TILTING
1557724881402,0.96,ON_FOOT
1557724881402,0.96,WALKING
1557724881402,0.02,UNKNOWN
1557724881402,0.02,RUNNING
1557724896490,0.93,ON_FOOT
1557724896490,0.93,WALKING
1557724896490,0.06,RUNNING
1557724896490,0.01,UNKNOWN
1557724911576,0.96,ON_FOOT
1557724911576,0.96,WALKING
1557724911576,0.04,RUNNING
1557724926709,0.99,ON_FOOT
1557724926709,0.99,WALKING
1557724926709,0.01,UNKNOWN
1557724943178,1.0,ON_FOOT
1557724943178,1.0,WALKING
1557724947708,0.98,ON_FOOT
1557724947708,0.98,WALKING
1557724947708,0.01,UNKNOWN
1557724947708,0.01,RUNNING
1557724952256,1.0,ON_FOOT
1557724952256,1.0,WALKING
1557724954519,1.0,TILTING
1557724956781,0.95,ON_FOOT
1557724956781,0.95,WALKING
1557724956781,0.02,UNKNOWN
1557724956781,0.01,ON_BICYCLE
1557724956781,0.01,STILL
1557724956781,0.01,RUNNING
1557724959286,1.0,TILTING
1557724961791,0.97,ON_FOOT
1557724961791,0.97,WALKING
1557724961791,0.03,UNKNOWN
1557724966302,0.98,ON_FOOT
1557724966302,0.98,WALKING
1557724966302,0.01,UNKNOWN
1557724966302,0.01,RUNNING
1557724970820,0.99,ON_FOOT
1557724970820,0.99,WALKING
1557724970820,0.01,UNKNOWN
1557724975382,0.97,ON_FOOT
1557724975382,0.97,WALKING
1557724975382,0.02,UNKNOWN
1557724975382,0.01,STILL
1557724979845,0.94,ON_FOOT
1557724979845,0.94,WALKING
1557724979845,0.02,UNKNOWN
1557724979845,0.01,IN_VEHICLE
1557724979845,0.01,ON_BICYCLE
1557724979845,0.01,STILL
1557724979845,0.01,RUNNING
1557724984387,0.99,ON_FOOT
1557724984387,0.99,WALKING
1557724984387,0.01,UNKNOWN
1557724988877,0.98,ON_FOOT
1557724988877,0.98,WALKING
1557724988877,0.02,UNKNOWN
1557724993437,0.97,ON_FOOT
1557724993437,0.97,WALKING
1557724993437,0.02,UNKNOWN
1557724993437,0.01,ON_BICYCLE
1557724998000,0.98,ON_FOOT
1557724998000,0.98,WALKING
1557724998000,0.02,UNKNOWN
1557725002488,1.0,ON_FOOT
1557725002488,1.0,WALKING
1557725007003,0.99,ON_FOOT
1557725007003,0.99,WALKING
1557725007003,0.01,RUNNING
1557725011541,0.98,ON_FOOT
1557725011541,0.98,WALKING
1557725011541,0.02,UNKNOWN
1557725016098,0.99,ON_FOOT
1557725016098,0.99,WALKING
1557725016098,0.01,UNKNOWN
1557725020615,0.97,ON_FOOT
1557725020615,0.97,WALKING
1557725020615,0.01,ON_BICYCLE
1557725020615,0.01,UNKNOWN
1557725020615,0.01,RUNNING
1557725025154,0.96,ON_FOOT
1557725025154,0.96,WALKING
1557725025154,0.02,ON_BICYCLE
1557725025154,0.01,UNKNOWN
1557725025154,0.01,RUNNING
1557725029866,0.99,ON_FOOT
1557725029866,0.99,WALKING
1557725029866,0.01,UNKNOWN
1557725034386,0.96,ON_FOOT
1557725034386,0.96,WALKING
1557725034386,0.02,STILL
1557725034386,0.02,UNKNOWN
1557725038880,0.97,ON_FOOT
1557725038880,0.97,WALKING
1557725038880,0.02,UNKNOWN
1557725038880,0.01,STILL
1557725043469,0.97,ON_FOOT
1557725043469,0.97,WALKING
1557725043469,0.03,UNKNOWN
1557725045753,1.0,TILTING
1557725048036,0.98,ON_FOOT
1557725048036,0.98,WALKING
1557725048036,0.01,STILL
1557725048036,0.01,UNKNOWN
1557725054859,1.0,TILTING
1557725061682,0.99,ON_FOOT
1557725061682,0.99,WALKING
1557725061682,0.01,UNKNOWN
1557725076878,0.76,ON_FOOT
1557725076878,0.76,WALKING
1557725076878,0.17,ON_BICYCLE
1557725076878,0.03,UNKNOWN
1557725076878,0.02,RUNNING
1557725076878,0.01,IN_VEHICLE
1557725076878,0.01,STILL
1557725090306,0.89,ON_FOOT
1557725090306,0.89,WALKING
1557725090306,0.06,STILL
1557725090306,0.02,IN_VEHICLE
1557725090306,0.02,UNKNOWN
1557725098084,1.0,TILTING
1557725105862,0.31,UNKNOWN
1557725105862,0.28,ON_FOOT
1557725105862,0.28,WALKING
1557725105862,0.09,ON_BICYCLE
1557725105862,0.09,STILL
1557725105862,0.08,IN_VEHICLE
1557725105862,0.08,RUNNING
1557725111895,1.0,TILTING
1557725117927,0.95,ON_FOOT
1557725117927,0.95,WALKING
1557725117927,0.04,RUNNING
1557725117927,0.01,UNKNOWN
1557725120691,1.0,TILTING
1557725123455,0.9,ON_FOOT
1557725123455,0.9,WALKING
1557725123455,0.04,STILL
1557725123455,0.02,RUNNING
1557725123455,0.01,IN_VEHICLE
1557725123455,0.01,ON_BICYCLE
1557725123455,0.01,UNKNOWN
1557725125748,1.0,TILTING
1557725128041,0.93,ON_FOOT
1557725128041,0.93,WALKING
1557725128041,0.06,RUNNING
1557725128041,0.01,UNKNOWN
1557725130661,1.0,TILTING
1557725133281,0.87,ON_FOOT
1557725133281,0.87,WALKING
1557725133281,0.07,STILL
1557725133281,0.02,UNKNOWN
1557725133281,0.01,IN_VEHICLE
1557725133281,0.01,ON_BICYCLE
1557725133281,0.01,RUNNING
1557725135547,1.0,TILTING
1557725137813,0.92,ON_FOOT
1557725137813,0.92,WALKING
1557725137813,0.07,RUNNING
1557725137813,0.01,UNKNOWN
1557725146973,1.0,TILTING
1557725156133,0.75,STILL
1557725156133,0.13,ON_FOOT
1557725156133,0.13,WALKING
1557725156133,0.04,IN_VEHICLE
1557725156133,0.03,ON_BICYCLE
1557725156133,0.02,UNKNOWN
1557725156133,0.0,RUNNING
1557725172675,1.0,STILL
1557725188318,1.0,STILL
1557725203506,1.0,STILL
1557725219444,1.0,STILL
1557725226996,1.0,TILTING
1557725234547,0.37,STILL
1557725234547,0.22,UNKNOWN
1557725234547,0.14,ON_FOOT
1557725234547,0.14,WALKING
1557725234547,0.08,IN_VEHICLE
1557725234547,0.08,ON_BICYCLE
1557725234547,0.05,RUNNING
1557725242117,1.0,TILTING
1557725249687,0.4,UNKNOWN
1557725249687,0.1,IN_VEHICLE
1557725249687,0.1,ON_BICYCLE
1557725249687,0.1,ON_FOOT
1557725249687,0.1,STILL
1557725249687,0.1,WALKING
1557725249687,0.1,RUNNING
1557725264811,0.99,ON_FOOT
1557725264811,0.99,WALKING
1557725264811,0.01,UNKNOWN
1557725264811,0.0,IN_VEHICLE
1557725277862,1.0,ON_FOOT
1557725277862,1.0,WALKING
1557725292975,0.85,ON_FOOT
1557725292975,0.85,WALKING
1557725292975,0.09,ON_BICYCLE
1557725292975,0.03,UNKNOWN
1557725292975,0.02,STILL
1557725292975,0.01,IN_VEHICLE
1557725308389,0.31,UNKNOWN
1557725308389,0.2,STILL
1557725308389,0.16,ON_FOOT
1557725308389,0.16,WALKING
1557725308389,0.09,IN_VEHICLE
1557725308389,0.09,ON_BICYCLE
1557725308389,0.08,RUNNING
1557725318564,0.5,UNKNOWN
1557725318564,0.14,ON_BICYCLE
1557725318564,0.08,ON_FOOT
1557725318564,0.08,WALKING
1557725318564,0.04,IN_VEHICLE
1557725318564,0.04,STILL
1557725318564,0.03,RUNNING
1557725326108,1.0,TILTING
1557725333652,0.48,STILL
1557725333652,0.18,ON_FOOT
1557725333652,0.18,WALKING
1557725333652,0.17,IN_VEHICLE
1557725333652,0.02,ON_BICYCLE
1557725333652,0.02,UNKNOWN
1557725348853,0.33,STILL
1557725348853,0.22,UNKNOWN
1557725348853,0.12,IN_VEHICLE
1557725348853,0.12,ON_FOOT
1557725348853,0.12,WALKING
1557725348853,0.06,ON_BICYCLE
1557725348853,0.05,RUNNING
1557725363949,0.28,STILL
1557725363949,0.21,UNKNOWN
1557725363949,0.16,ON_FOOT
1557725363949,0.16,WALKING
1557725363949,0.14,IN_VEHICLE
1557725363949,0.06,ON_BICYCLE
1557725363949,0.05,RUNNING
1557725379082,0.46,STILL
1557725379082,0.19,IN_VEHICLE
1557725379082,0.17,ON_FOOT
1557725379082,0.17,WALKING
1557725379082,0.01,ON_BICYCLE
1557725379082,0.01,UNKNOWN
1557725394826,0.32,STILL
1557725394826,0.23,IN_VEHICLE
1557725394826,0.19,ON_FOOT
1557725394826,0.19,WALKING
1557725394826,0.03,ON_BICYCLE
1557725394826,0.02,UNKNOWN
1557725401476,1.0,TILTING
1557725408126,0.82,STILL
1557725408126,0.06,IN_VEHICLE
1557725408126,0.04,ON_FOOT
1557725408126,0.04,WALKING
1557725408126,0.02,UNKNOWN
1557725408126,0.01,ON_BICYCLE
1557725423356,1.0,STILL
1557725439390,1.0,STILL
1557725454524,1.0,STILL
1557725469680,1.0,STILL
1557725484786,1.0,STILL
1557725499879,1.0,STILL
1557725514967,1.0,STILL
1557725530051,1.0,STILL
1557725545166,1.0,STILL
1557725560246,0.23,STILL
1557725560246,0.21,ON_FOOT
1557725560246,0.21,UNKNOWN
1557725560246,0.21,WALKING
1557725560246,0.14,IN_VEHICLE
1557725560246,0.06,ON_BICYCLE
1557725560246,0.05,RUNNING
1557725575318,0.4,UNKNOWN
1557725575318,0.1,IN_VEHICLE
1557725575318,0.1,ON_BICYCLE
1557725575318,0.1,ON_FOOT
1557725575318,0.1,STILL
1557725575318,0.1,WALKING
1557725575318,0.1,RUNNING
1557725590381,0.4,UNKNOWN
1557725590381,0.1,IN_VEHICLE
1557725590381,0.1,ON_BICYCLE
1557725590381,0.1,ON_FOOT
1557725590381,0.1,STILL
1557725590381,0.1,WALKING
1557725590381,0.1,RUNNING
1557725602350,0.31,UNKNOWN
1557725602350,0.2,STILL
1557725602350,0.13,IN_VEHICLE
1557725602350,0.12,ON_FOOT
1557725602350,0.12,WALKING
1557725602350,0.08,ON_BICYCLE
1557725602350,0.08,RUNNING
1557725621551,0.28,ON_FOOT
1557725621551,0.28,WALKING
1557725621551,0.25,STILL
1557725621551,0.21,UNKNOWN
1557725621551,0.09,IN_VEHICLE
1557725621551,0.06,ON_BICYCLE
1557725621551,0.05,RUNNING
1557725634361,0.84,STILL
1557725634361,0.07,ON_FOOT
1557725634361,0.07,WALKING
1557725634361,0.04,IN_VEHICLE
1557725634361,0.01,ON_BICYCLE
1557725634361,0.01,UNKNOWN
1557725649528,0.95,STILL
1557725649528,0.03,IN_VEHICLE
1557725649528,0.01,ON_FOOT
1557725649528,0.01,UNKNOWN
1557725649528,0.01,WALKING
1557725664646,0.88,STILL
1557725664646,0.08,IN_VEHICLE
1557725664646,0.02,UNKNOWN
1557725664646,0.01,ON_FOOT
1557725664646,0.01,WALKING
1557725679795,0.46,STILL
1557725679795,0.22,ON_FOOT
1557725679795,0.22,WALKING
1557725679795,0.15,IN_VEHICLE
1557725679795,0.02,UNKNOWN
1557725679795,0.01,ON_BICYCLE
1557725694953,0.24,STILL
1557725694953,0.21,UNKNOWN
1557725694953,0.19,ON_FOOT
1557725694953,0.19,WALKING
1557725694953,0.15,IN_VEHICLE
1557725694953,0.07,ON_BICYCLE
1557725694953,0.05,RUNNING
1557725710088,0.4,UNKNOWN
1557725710088,0.1,IN_VEHICLE
1557725710088,0.1,ON_BICYCLE
1557725710088,0.1,ON_FOOT
1557725710088,0.1,STILL
1557725710088,0.1,WALKING
1557725710088,0.1,RUNNING
1557725716394,0.25,UNKNOWN
1557725716394,0.22,STILL
1557725716394,0.18,ON_FOOT
1557725716394,0.18,WALKING
1557725716394,0.12,IN_VEHICLE
1557725716394,0.07,ON_BICYCLE
1557725716394,0.06,RUNNING
1557725736044,0.31,UNKNOWN
1557725736044,0.16,STILL
1557725736044,0.15,ON_FOOT
1557725736044,0.15,WALKING
1557725736044,0.12,IN_VEHICLE
1557725736044,0.08,ON_BICYCLE
1557725736044,0.08,RUNNING
1557725756290,0.31,UNKNOWN
1557725756290,0.19,STILL
1557725756290,0.15,ON_FOOT
1557725756290,0.15,WALKING
1557725756290,0.11,IN_VEHICLE
1557725756290,0.08,ON_BICYCLE
1557725756290,0.08,RUNNING
1557725771351,0.31,UNKNOWN
1557725771351,0.28,IN_VEHICLE
1557725771351,0.09,STILL
1557725771351,0.08,ON_BICYCLE
1557725771351,0.08,ON_FOOT
1557725771351,0.08,WALKING
1557725771351,0.08,RUNNING
1557725786436,0.31,UNKNOWN
1557725786436,0.23,STILL
1557725786436,0.12,IN_VEHICLE
1557725786436,0.09,ON_FOOT
1557725786436,0.09,WALKING
1557725786436,0.08,ON_BICYCLE
1557725786436,0.08,RUNNING
1557725801631,0.4,UNKNOWN
1557725801631,0.1,IN_VEHICLE
1557725801631,0.1,ON_BICYCLE
1557725801631,0.1,ON_FOOT
1557725801631,0.1,STILL
1557725801631,0.1,WALKING
1557725801631,0.1,RUNNING
1557725816754,1.0,STILL
1557725831874,1.0,STILL
1557725847023,1.0,STILL
1557725854989,1.0,TILTING
1557725862954,0.24,STILL
1557725862954,0.21,UNKNOWN
1557725862954,0.2,ON_FOOT
1557725862954,0.2,WALKING
1557725862954,0.13,IN_VEHICLE
1557725862954,0.06,ON_BICYCLE
1557725862954,0.05,RUNNING
1557725878057,0.75,STILL
1557725878057,0.11,ON_FOOT
1557725878057,0.11,WALKING
1557725878057,0.07,IN_VEHICLE
1557725878057,0.02,ON_BICYCLE
1557725878057,0.02,UNKNOWN
1557725893229,1.0,STILL
1557725908320,1.0,STILL
1557725923483,1.0,STILL
1557725938659,1.0,STILL
1557725953849,1.0,STILL
1557725968976,1.0,STILL
1557725984125,1.0,STILL
1557725999231,1.0,STILL
1557726014313,1.0,STILL
1557726029420,1.0,STILL
1557726044619,1.0,STILL
1557726056233,1.0,STILL
1557726071349,1.0,STILL
1557726086465,1.0,STILL
1557726101585,1.0,STILL
1557726116739,1.0,STILL
1557726131889,1.0,STILL
1557726147019,1.0,STILL
1557726165574,1.0,STILL
1557726180687,1.0,STILL
1557726195816,1.0,STILL
1557726210918,1.0,STILL
1557726226017,1.0,STILL
1557726241223,1.0,STILL
1557726256310,0.26,STILL
1557726256310,0.21,UNKNOWN
1557726256310,0.18,ON_FOOT
1557726256310,0.18,WALKING
1557726256310,0.16,IN_VEHICLE
1557726256310,0.06,ON_BICYCLE
1557726256310,0.05,RUNNING
1557726261433,0.4,UNKNOWN
1557726261433,0.1,IN_VEHICLE
1557726261433,0.1,ON_BICYCLE
1557726261433,0.1,ON_FOOT
1557726261433,0.1,STILL
1557726261433,0.1,WALKING
1557726261433,0.1,RUNNING
1557726277847,0.4,UNKNOWN
1557726277847,0.1,IN_VEHICLE
1557726277847,0.1,ON_BICYCLE
1557726277847,0.1,ON_FOOT
1557726277847,0.1,STILL
1557726277847,0.1,WALKING
1557726277847,0.1,RUNNING
1557726293841,0.3,STILL
1557726293841,0.21,UNKNOWN
1557726293841,0.17,IN_VEHICLE
1557726293841,0.08,ON_FOOT
1557726293841,0.08,WALKING
1557726293841,0.06,ON_BICYCLE
1557726293841,0.05,RUNNING
1557726308969,0.53,STILL
1557726308969,0.26,IN_VEHICLE
1557726308969,0.03,ON_FOOT
1557726308969,0.03,WALKING
1557726308969,0.02,UNKNOWN
1557726308969,0.01,ON_BICYCLE
1557726324832,0.64,STILL
1557726324832,0.16,IN_VEHICLE
1557726324832,0.02,ON_FOOT
1557726324832,0.02,UNKNOWN
1557726324832,0.02,WALKING
1557726341721,0.58,STILL
1557726341721,0.28,IN_VEHICLE
1557726341721,0.02,ON_FOOT
1557726341721,0.02,UNKNOWN
1557726341721,0.02,WALKING
1557726341721,0.01,ON_BICYCLE
1557726356822,0.74,STILL
1557726356822,0.09,IN_VEHICLE
1557726356822,0.06,ON_FOOT
1557726356822,0.06,WALKING
1557726356822,0.02,UNKNOWN
1557726356822,0.01,ON_BICYCLE
1557726371902,0.24,STILL
1557726371902,0.21,UNKNOWN
1557726371902,0.18,ON_FOOT
1557726371902,0.18,WALKING
1557726371902,0.17,IN_VEHICLE
1557726371902,0.07,ON_BICYCLE
1557726371902,0.05,RUNNING
1557726387027,0.82,STILL
1557726387027,0.07,IN_VEHICLE
1557726387027,0.03,ON_FOOT
1557726387027,0.03,WALKING
1557726387027,0.02,UNKNOWN
1557726402168,0.93,STILL
1557726402168,0.03,ON_FOOT
1557726402168,0.03,WALKING
1557726402168,0.02,IN_VEHICLE
1557726402168,0.02,UNKNOWN
1557726417256,0.71,STILL
1557726417256,0.11,IN_VEHICLE
1557726417256,0.05,ON_FOOT
1557726417256,0.05,WALKING
1557726417256,0.02,UNKNOWN
1557726417256,0.01,ON_BICYCLE
1557726432331,0.55,STILL
1557726432331,0.24,IN_VEHICLE
1557726432331,0.03,ON_FOOT
1557726432331,0.03,WALKING
1557726432331,0.02,UNKNOWN
1557726432331,0.01,ON_BICYCLE
1557726447412,0.68,STILL
1557726447412,0.17,IN_VEHICLE
1557726447412,0.02,ON_FOOT
1557726447412,0.02,UNKNOWN
1557726447412,0.02,WALKING
1557726447412,0.01,ON_BICYCLE
1557726462481,0.89,STILL
1557726462481,0.03,IN_VEHICLE
1557726462481,0.03,ON_FOOT
1557726462481,0.03,WALKING
1557726462481,0.02,UNKNOWN
1557726477586,0.54,STILL
1557726477586,0.19,IN_VEHICLE
1557726477586,0.14,ON_FOOT
1557726477586,0.14,WALKING
1557726477586,0.02,ON_BICYCLE
1557726477586,0.02,UNKNOWN
1557726492708,0.38,STILL
1557726492708,0.35,IN_VEHICLE
1557726492708,0.12,ON_FOOT
1557726492708,0.12,WALKING
1557726492708,0.03,UNKNOWN
1557726492708,0.02,ON_BICYCLE
1557726507798,0.44,STILL
1557726507798,0.26,IN_VEHICLE
1557726507798,0.19,ON_FOOT
1557726507798,0.19,WALKING
1557726507798,0.04,ON_BICYCLE
1557726507798,0.01,UNKNOWN
1557726522913,0.36,STILL
1557726522913,0.32,IN_VEHICLE
1557726522913,0.17,ON_FOOT
1557726522913,0.17,WALKING
1557726522913,0.03,ON_BICYCLE
1557726522913,0.02,UNKNOWN
1557726537984,0.47,STILL
1557726537984,0.25,IN_VEHICLE
1557726537984,0.16,ON_FOOT
1557726537984,0.16,WALKING
1557726537984,0.04,ON_BICYCLE
1557726537984,0.02,UNKNOWN
1557726553083,0.44,STILL
1557726553083,0.34,IN_VEHICLE
1557726553083,0.08,ON_FOOT
1557726553083,0.08,WALKING
1557726553083,0.03,ON_BICYCLE
1557726553083,0.02,UNKNOWN
1557726568265,0.3,UNKNOWN
1557726568265,0.23,ON_BICYCLE
1557726568265,0.12,IN_VEHICLE
1557726568265,0.1,ON_FOOT
1557726568265,0.1,WALKING
1557726568265,0.09,STILL
1557726568265,0.08,RUNNING
1557726581595,0.41,STILL
1557726581595,0.25,IN_VEHICLE
1557726581595,0.18,ON_FOOT
1557726581595,0.18,WALKING
1557726581595,0.04,ON_BICYCLE
1557726581595,0.02,UNKNOWN
1557726581595,0.0,RUNNING
1557726586129,1.0,STILL
1557726602625,1.0,STILL
1557726617742,1.0,STILL
1557726632883,1.0,STILL
1557726648103,1.0,STILL
1557726663192,1.0,STILL
1557726678330,1.0,STILL
1557726693480,1.0,STILL
1557726708607,1.0,STILL
1557726723763,1.0,STILL
1557726738910,1.0,STILL
1557726754063,1.0,STILL
1557726769226,1.0,STILL
1557726784349,1.0,STILL
1557726799469,1.0,STILL
1557726814568,1.0,STILL
1557726829655,1.0,STILL
1557726844758,1.0,STILL
1557726859866,1.0,STILL
1557726876045,1.0,STILL
1557726891160,1.0,STILL
1557726903695,0.87,STILL
1557726903695,0.12,ON_FOOT
1557726903695,0.12,WALKING
1557726903695,0.01,UNKNOWN
1557726918847,1.0,STILL
1557726933997,1.0,STILL
1557726949128,1.0,STILL
1557726964231,1.0,STILL
1557726979355,1.0,STILL
1557726996031,1.0,STILL
1557727011178,1.0,STILL
1557727026309,1.0,STILL
1557727041420,1.0,STILL
1557727056544,1.0,STILL
1557727071677,1.0,STILL
1557729772824,0.36,STILL
1557729772824,0.35,IN_VEHICLE
1557729772824,0.09,UNKNOWN
1557729772824,0.03,ON_BICYCLE
1557729772824,0.03,ON_FOOT
1557729772824,0.03,WALKING
1557729772824,0.02,RUNNING
1557729784013,0.3,STILL
1557729784013,0.24,IN_VEHICLE
1557729784013,0.21,UNKNOWN
1557729784013,0.07,ON_FOOT
1557729784013,0.07,WALKING
1557729784013,0.06,ON_BICYCLE
1557729784013,0.05,RUNNING
1557729799177,0.4,STILL
1557729799177,0.32,IN_VEHICLE
1557729799177,0.05,ON_FOOT
1557729799177,0.05,WALKING
1557729799177,0.02,ON_BICYCLE
1557729799177,0.01,UNKNOWN
1557729814306,0.74,STILL
1557729814306,0.13,IN_VEHICLE
1557729814306,0.05,ON_FOOT
1557729814306,0.05,WALKING
1557729814306,0.03,UNKNOWN
1557729814306,0.01,ON_BICYCLE
1557729894617,0.98,ON_FOOT
1557729894617,0.98,WALKING
1557729894617,0.02,UNKNOWN
1557729894617,0.0,STILL
1557729899828,0.96,ON_FOOT
1557729899828,0.96,WALKING
1557729899828,0.03,UNKNOWN
1557729899828,0.01,STILL
1557729901609,1.0,TILTING
1557729903389,0.79,ON_FOOT
1557729903389,0.79,WALKING
1557729903389,0.18,RUNNING
1557729903389,0.02,UNKNOWN
1557729903389,0.01,ON_BICYCLE
1557729905676,1.0,TILTING
1557729907962,0.98,ON_FOOT
1557729907962,0.98,WALKING
1557729907962,0.01,UNKNOWN
1557729907962,0.01,RUNNING
1557729910255,1.0,TILTING
1557729912547,0.79,ON_FOOT
1557729912547,0.79,WALKING
1557729912547,0.08,RUNNING
1557729912547,0.04,ON_BICYCLE
1557729912547,0.03,STILL
1557729912547,0.02,IN_VEHICLE
1557729912547,0.02,UNKNOWN
1557729917959,1.0,TILTING
1557729923371,0.89,ON_FOOT
1557729923371,0.89,WALKING
1557729923371,0.03,STILL
1557729923371,0.03,RUNNING
1557729923371,0.02,ON_BICYCLE
1557729923371,0.01,IN_VEHICLE
1557729923371,0.01,UNKNOWN
1557729937316,1.0,TILTING
1557729951260,1.0,ON_FOOT
1557729951260,1.0,WALKING
1557729955188,0.99,ON_FOOT
1557729955188,0.99,WALKING
1557729955188,0.01,UNKNOWN
1557729959673,0.99,ON_FOOT
1557729959673,0.99,WALKING
1557729959673,0.01,UNKNOWN
1557729964261,1.0,ON_FOOT
1557729964261,1.0,WALKING
1557729967808,0.98,ON_FOOT
1557729967808,0.98,WALKING
1557729967808,0.01,STILL
1557729967808,0.01,UNKNOWN
1557729972872,0.96,ON_FOOT
1557729972872,0.96,WALKING
1557729972872,0.02,RUNNING
1557729972872,0.01,ON_BICYCLE
1557729972872,0.01,UNKNOWN
1557729977403,1.0,ON_FOOT
1557729977403,1.0,WALKING
1557729981920,1.0,ON_FOOT
1557729981920,1.0,WALKING
1557729987176,0.94,ON_FOOT
1557729987176,0.94,WALKING
1557729987176,0.03,RUNNING
1557729987176,0.02,ON_BICYCLE
1557729987176,0.01,UNKNOWN
1557729991781,1.0,ON_FOOT
1557729991781,1.0,WALKING
1557729996364,0.98,ON_FOOT
1557729996364,0.98,WALKING
1557729996364,0.01,UNKNOWN
1557729996364,0.01,RUNNING
1557729998758,1.0,TILTING
1557730001151,0.89,ON_FOOT
1557730001151,0.89,WALKING
1557730001151,0.05,STILL
1557730001151,0.02,RUNNING
1557730001151,0.01,IN_VEHICLE
1557730001151,0.01,ON_BICYCLE
1557730001151,0.01,UNKNOWN
1557730008726,1.0,TILTING
1557730016300,1.0,ON_FOOT
1557730016300,1.0,WALKING
1557730031502,1.0,ON_FOOT
1557730031502,1.0,WALKING
1557730046589,1.0,ON_FOOT
1557730046589,1.0,WALKING
1557730061761,0.99,ON_FOOT
1557730061761,0.99,WALKING
1557730061761,0.01,UNKNOWN
1557730076922,0.99,ON_FOOT
1557730076922,0.99,WALKING
1557730076922,0.01,RUNNING
1557730084495,1.0,TILTING
1557730092067,0.99,ON_FOOT
1557730092067,0.99,WALKING
1557730092067,0.01,UNKNOWN
1557730107295,0.94,ON_FOOT
1557730107295,0.94,WALKING
1557730107295,0.02,ON_BICYCLE
1557730107295,0.01,IN_VEHICLE
1557730107295,0.01,STILL
1557730107295,0.01,UNKNOWN
1557730107295,0.01,RUNNING
1557730128403,0.96,ON_FOOT
1557730128403,0.96,WALKING
1557730128403,0.02,RUNNING
1557730128403,0.01,ON_BICYCLE
1557730128403,0.01,UNKNOWN
1557730143980,0.8,ON_FOOT
1557730143980,0.8,WALKING
1557730143980,0.06,STILL
1557730143980,0.04,ON_BICYCLE
1557730143980,0.04,RUNNING
1557730143980,0.03,IN_VEHICLE
1557730143980,0.02,UNKNOWN
1557730151670,1.0,TILTING
1557730159360,0.31,UNKNOWN
1557730159360,0.17,STILL
1557730159360,0.15,ON_FOOT
1557730159360,0.15,WALKING
1557730159360,0.11,ON_BICYCLE
1557730159360,0.1,IN_VEHICLE
1557730159360,0.08,RUNNING
1557730175843,0.26,STILL
1557730175843,0.21,UNKNOWN
1557730175843,0.15,ON_FOOT
1557730175843,0.15,WALKING
1557730175843,0.13,IN_VEHICLE
1557730175843,0.09,ON_BICYCLE
1557730175843,0.05,RUNNING
1557730187302,0.63,STILL
1557730187302,0.26,ON_FOOT
1557730187302,0.26,WALKING
1557730187302,0.03,ON_BICYCLE
1557730187302,0.03,UNKNOWN
1557730187302,0.02,IN_VEHICLE
1557730187302,0.01,RUNNING
1557730204078,0.73,STILL
1557730204078,0.17,ON_FOOT
1557730204078,0.17,WALKING
1557730204078,0.03,IN_VEHICLE
1557730204078,0.03,ON_BICYCLE
1557730204078,0.02,UNKNOWN
1557730219174,0.48,STILL
1557730219174,0.27,ON_FOOT
1557730219174,0.27,WALKING
1557730219174,0.09,ON_BICYCLE
1557730219174,0.08,IN_VEHICLE
1557730219174,0.02,UNKNOWN
1557730219174,0.01,RUNNING
1557730236048,0.64,STILL
1557730236048,0.29,ON_FOOT
1557730236048,0.29,WALKING
1557730236048,0.02,ON_BICYCLE
1557730236048,0.02,UNKNOWN
1557730236048,0.01,IN_VEHICLE
1557730236048,0.01,RUNNING
1557730251179,0.85,STILL
1557730251179,0.11,ON_FOOT
1557730251179,0.11,WALKING
1557730251179,0.03,UNKNOWN
1557730251179,0.01,IN_VEHICLE
1557730266304,0.55,STILL
1557730266304,0.19,IN_VEHICLE
1557730266304,0.1,ON_FOOT
1557730266304,0.1,WALKING
1557730266304,0.03,UNKNOWN
1557730266304,0.02,ON_BICYCLE
1557730281417,0.3,STILL
1557730281417,0.27,UNKNOWN
1557730281417,0.16,IN_VEHICLE
1557730281417,0.07,ON_BICYCLE
1557730281417,0.07,ON_FOOT
1557730281417,0.07,WALKING
1557730281417,0.07,RUNNING
1557730296587,0.77,STILL
1557730296587,0.12,IN_VEHICLE
1557730296587,0.03,ON_FOOT
1557730296587,0.03,WALKING
1557730296587,0.01,ON_BICYCLE
1557730296587,0.01,UNKNOWN
1557730311755,0.83,STILL
1557730311755,0.11,ON_FOOT
1557730311755,0.11,WALKING
1557730311755,0.02,IN_VEHICLE
1557730311755,0.02,UNKNOWN
1557730311755,0.01,ON_BICYCLE
1557730326903,1.0,STILL
1557730342021,0.4,STILL
1557730342021,0.21,UNKNOWN
1557730342021,0.16,ON_FOOT
1557730342021,0.16,WALKING
1557730342021,0.07,IN_VEHICLE
1557730342021,0.06,ON_BICYCLE
1557730342021,0.05,RUNNING
1557730357197,0.39,STILL
1557730357197,0.36,ON_FOOT
1557730357197,0.36,WALKING
1557730357197,0.1,IN_VEHICLE
1557730357197,0.07,ON_BICYCLE
1557730357197,0.02,UNKNOWN
1557730357197,0.02,RUNNING
1557730372366,0.75,STILL
1557730372366,0.17,ON_FOOT
1557730372366,0.17,WALKING
1557730372366,0.02,IN_VEHICLE
1557730372366,0.02,ON_BICYCLE
1557730372366,0.02,UNKNOWN
1557730387497,0.31,UNKNOWN
1557730387497,0.23,STILL
1557730387497,0.15,ON_FOOT
1557730387497,0.15,WALKING
1557730387497,0.08,IN_VEHICLE
1557730387497,0.08,ON_BICYCLE
1557730387497,0.08,RUNNING
1557730395072,1.0,TILTING
1557730402646,0.31,UNKNOWN
1557730402646,0.16,STILL
1557730402646,0.14,IN_VEHICLE
1557730402646,0.13,ON_FOOT
1557730402646,0.13,WALKING
1557730402646,0.09,ON_BICYCLE
1557730402646,0.08,RUNNING
1557730417818,0.3,UNKNOWN
1557730417818,0.15,STILL
1557730417818,0.14,IN_VEHICLE
1557730417818,0.14,ON_FOOT
1557730417818,0.14,WALKING
1557730417818,0.09,ON_BICYCLE
1557730417818,0.08,RUNNING
1557730432904,0.4,UNKNOWN
1557730432904,0.1,IN_VEHICLE
1557730432904,0.1,ON_BICYCLE
1557730432904,0.1,ON_FOOT
1557730432904,0.1,STILL
1557730432904,0.1,WALKING
1557730432904,0.1,RUNNING
1557730448047,0.25,UNKNOWN
1557730448047,0.19,STILL
1557730448047,0.17,IN_VEHICLE
1557730448047,0.14,ON_FOOT
1557730448047,0.14,WALKING
1557730448047,0.08,ON_BICYCLE
1557730448047,0.06,RUNNING
1557730463129,0.4,UNKNOWN
1557730463129,0.1,IN_VEHICLE
1557730463129,0.1,ON_BICYCLE
1557730463129,0.1,ON_FOOT
1557730463129,0.1,STILL
1557730463129,0.1,WALKING
1557730463129,0.1,RUNNING
1557730478273,0.27,STILL
1557730478273,0.21,UNKNOWN
1557730478273,0.18,ON_FOOT
1557730478273,0.18,WALKING
1557730478273,0.16,IN_VEHICLE
1557730478273,0.06,ON_BICYCLE
1557730478273,0.05,RUNNING
1557730488352,0.27,STILL
1557730488352,0.22,UNKNOWN
1557730488352,0.19,IN_VEHICLE
1557730488352,0.11,ON_FOOT
1557730488352,0.11,WALKING
1557730488352,0.06,ON_BICYCLE
1557730488352,0.05,RUNNING
1557730503417,0.28,IN_VEHICLE
1557730503417,0.21,UNKNOWN
1557730503417,0.18,STILL
1557730503417,0.12,ON_FOOT
1557730503417,0.12,WALKING
1557730503417,0.06,ON_BICYCLE
1557730503417,0.05,RUNNING
1557730509877,0.32,ON_FOOT
1557730509877,0.32,WALKING
1557730509877,0.31,UNKNOWN
1557730509877,0.08,IN_VEHICLE
1557730509877,0.08,ON_BICYCLE
1557730509877,0.08,STILL
1557730509877,0.08,RUNNING
1557730520043,1.0,TILTING
1557730530209,0.5,UNKNOWN
1557730530209,0.09,ON_BICYCLE
1557730530209,0.06,IN_VEHICLE
1557730530209,0.06,ON_FOOT
1557730530209,0.06,STILL
1557730530209,0.06,WALKING
1557730530209,0.02,RUNNING
1557730536640,1.0,TILTING
1557730543070,0.21,STILL
1557730543070,0.21,UNKNOWN
1557730543070,0.19,IN_VEHICLE
1557730543070,0.13,ON_FOOT
1557730543070,0.13,WALKING
1557730543070,0.09,ON_BICYCLE
1557730543070,0.06,RUNNING
1557730550677,1.0,TILTING
1557730558284,0.4,UNKNOWN
1557730558284,0.1,IN_VEHICLE
1557730558284,0.1,ON_BICYCLE
1557730558284,0.1,ON_FOOT
1557730558284,0.1,STILL
1557730558284,0.1,WALKING
1557730558284,0.1,RUNNING
1557730573493,0.4,UNKNOWN
1557730573493,0.1,IN_VEHICLE
1557730573493,0.1,ON_BICYCLE
1557730573493,0.1,ON_FOOT
1557730573493,0.1,STILL
1557730573493,0.1,WALKING
1557730573493,0.1,RUNNING
1557730588543,0.4,UNKNOWN
1557730588543,0.1,IN_VEHICLE
1557730588543,0.1,ON_BICYCLE
1557730588543,0.1,ON_FOOT
1557730588543,0.1,STILL
1557730588543,0.1,WALKING
1557730588543,0.1,RUNNING
1557730604343,0.4,UNKNOWN
1557730604343,0.1,IN_VEHICLE
1557730604343,0.1,ON_BICYCLE
1557730604343,0.1,ON_FOOT
1557730604343,0.1,STILL
1557730604343,0.1,WALKING
1557730604343,0.1,RUNNING
1557730619786,0.25,UNKNOWN
1557730619786,0.17,STILL
1557730619786,0.16,ON_FOOT
1557730619786,0.16,WALKING
1557730619786,0.15,IN_VEHICLE
1557730619786,0.08,ON_BICYCLE
1557730619786,0.06,RUNNING
1557730634409,0.38,STILL
1557730634409,0.25,IN_VEHICLE
1557730634409,0.14,ON_FOOT
1557730634409,0.14,WALKING
1557730634409,0.03,ON_BICYCLE
1557730634409,0.03,UNKNOWN
1557730636716,1.0,TILTING
1557730639023,0.51,STILL
1557730639023,0.2,ON_FOOT
1557730639023,0.2,WALKING
1557730639023,0.13,IN_VEHICLE
1557730639023,0.02,ON_BICYCLE
1557730639023,0.02,UNKNOWN
1557730644178,1.0,TILTING
1557730649332,0.32,STILL
1557730649332,0.26,IN_VEHICLE
1557730649332,0.24,ON_FOOT
1557730649332,0.24,WALKING
1557730649332,0.05,ON_BICYCLE
1557730649332,0.01,UNKNOWN
1557730649332,0.01,RUNNING
1557730663366,0.4,UNKNOWN
1557730663366,0.1,IN_VEHICLE
1557730663366,0.1,ON_BICYCLE
1557730663366,0.1,ON_FOOT
1557730663366,0.1,STILL
1557730663366,0.1,WALKING
1557730663366,0.1,RUNNING
1557730671794,0.21,UNKNOWN
1557730671794,0.2,STILL
1557730671794,0.18,ON_FOOT
1557730671794,0.18,WALKING
1557730671794,0.16,IN_VEHICLE
1557730671794,0.09,ON_BICYCLE
1557730671794,0.06,RUNNING
1557730680068,1.0,TILTING
1557730688341,0.27,STILL
1557730688341,0.22,ON_FOOT
1557730688341,0.22,WALKING
1557730688341,0.17,IN_VEHICLE
1557730688341,0.12,UNKNOWN
1557730688341,0.04,ON_BICYCLE
1557730688341,0.03,RUNNING
1557730694677,1.0,TILTING
1557730701012,0.31,UNKNOWN
1557730701012,0.17,STILL
1557730701012,0.13,IN_VEHICLE
1557730701012,0.13,ON_FOOT
1557730701012,0.13,WALKING
1557730701012,0.09,ON_BICYCLE
1557730701012,0.08,RUNNING
1557730716140,0.8,STILL
1557730716140,0.09,ON_FOOT
1557730716140,0.09,WALKING
1557730716140,0.05,IN_VEHICLE
1557730716140,0.04,ON_BICYCLE
1557730716140,0.0,UNKNOWN
1557730716140,0.0,RUNNING
1557730731232,1.0,STILL
1557730746345,1.0,STILL
1557730761495,1.0,STILL
1557730776725,1.0,STILL
1557730784261,1.0,TILTING
1557730791796,0.43,STILL
1557730791796,0.36,ON_FOOT
1557730791796,0.36,WALKING
1557730791796,0.09,UNKNOWN
1557730791796,0.04,RUNNING
1557730791796,0.03,IN_VEHICLE
1557730791796,0.03,ON_BICYCLE
1557730807014,0.31,UNKNOWN
1557730807014,0.28,ON_FOOT
1557730807014,0.28,WALKING
1557730807014,0.09,IN_VEHICLE
1557730807014,0.08,ON_BICYCLE
1557730807014,0.08,STILL
1557730807014,0.08,RUNNING
1557730847023,0.4,UNKNOWN
1557730847023,0.1,IN_VEHICLE
1557730847023,0.1,ON_BICYCLE
1557730847023,0.1,ON_FOOT
1557730847023,0.1,STILL
1557730847023,0.1,WALKING
1557730847023,0.1,RUNNING
1557730868326,0.31,UNKNOWN
1557730868326,0.16,STILL
1557730868326,0.15,IN_VEHICLE
1557730868326,0.13,ON_FOOT
1557730868326,0.13,WALKING
1557730868326,0.08,ON_BICYCLE
1557730868326,0.08,RUNNING
1557730872955,0.4,UNKNOWN
1557730872955,0.1,IN_VEHICLE
1557730872955,0.1,ON_BICYCLE
1557730872955,0.1,ON_FOOT
1557730872955,0.1,STILL
1557730872955,0.1,WALKING
1557730872955,0.1,RUNNING
1557730892063,0.4,UNKNOWN
1557730892063,0.1,IN_VEHICLE
1557730892063,0.1,ON_BICYCLE
1557730892063,0.1,ON_FOOT
1557730892063,0.1,STILL
1557730892063,0.1,WALKING
1557730892063,0.1,RUNNING
1557730912836,0.25,UNKNOWN
1557730912836,0.19,STILL
1557730912836,0.18,IN_VEHICLE
1557730912836,0.15,ON_FOOT
1557730912836,0.15,WALKING
1557730912836,0.08,ON_BICYCLE
1557730912836,0.06,RUNNING
1557730929914,0.4,UNKNOWN
1557730929914,0.1,IN_VEHICLE
1557730929914,0.1,ON_BICYCLE
1557730929914,0.1,ON_FOOT
1557730929914,0.1,STILL
1557730929914,0.1,WALKING
1557730929914,0.1,RUNNING
1557730949403,0.31,UNKNOWN
1557730949403,0.29,ON_FOOT
1557730949403,0.29,WALKING
1557730949403,0.09,IN_VEHICLE
1557730949403,0.09,STILL
1557730949403,0.08,ON_BICYCLE
1557730949403,0.08,RUNNING
1557730969460,0.39,ON_FOOT
1557730969460,0.39,WALKING
1557730969460,0.25,UNKNOWN
1557730969460,0.09,STILL
1557730969460,0.08,IN_VEHICLE
1557730969460,0.06,ON_BICYCLE
1557730969460,0.06,RUNNING
1557730986445,0.3,ON_FOOT
1557730986445,0.3,WALKING
1557730986445,0.21,UNKNOWN
1557730986445,0.16,STILL
1557730986445,0.13,IN_VEHICLE
1557730986445,0.06,ON_BICYCLE
1557730986445,0.05,RUNNING
1557730995255,0.53,ON_FOOT
1557730995255,0.53,WALKING
1557730995255,0.21,UNKNOWN
1557730995255,0.07,STILL
1557730995255,0.05,IN_VEHICLE
1557730995255,0.05,ON_BICYCLE
1557730995255,0.05,RUNNING
1557731000319,0.93,ON_FOOT
1557731000319,0.93,WALKING
1557731000319,0.03,STILL
1557731000319,0.02,UNKNOWN
1557731000319,0.01,IN_VEHICLE
1557731015450,0.93,ON_FOOT
1557731015450,0.93,WALKING
1557731015450,0.03,STILL
1557731015450,0.02,IN_VEHICLE
1557731015450,0.01,UNKNOWN
1557731020030,0.95,ON_FOOT
1557731020030,0.95,WALKING
1557731020030,0.03,RUNNING
1557731020030,0.01,ON_BICYCLE
1557731020030,0.01,UNKNOWN
1557731024229,0.93,ON_FOOT
1557731024229,0.93,WALKING
1557731024229,0.02,UNKNOWN
1557731024229,0.01,IN_VEHICLE
1557731024229,0.01,ON_BICYCLE
1557731024229,0.01,STILL
1557731024229,0.01,RUNNING
1557731043325,1.0,TILTING
1557731062420,0.64,STILL
1557731062420,0.16,UNKNOWN
1557731062420,0.04,IN_VEHICLE
1557731062420,0.04,ON_BICYCLE
1557731062420,0.04,ON_FOOT
1557731062420,0.04,WALKING
1557731062420,0.04,RUNNING
1557731077571,1.0,STILL
1557731092670,1.0,STILL
1557731107759,1.0,STILL
1557731122890,1.0,STILL
1557731138042,1.0,STILL
1557731153187,1.0,STILL
1557731168257,0.4,STILL
1557731168257,0.27,UNKNOWN
1557731168257,0.07,IN_VEHICLE
1557731168257,0.07,ON_BICYCLE
1557731168257,0.07,ON_FOOT
1557731168257,0.07,WALKING
1557731168257,0.07,RUNNING
1557731183337,0.32,STILL
1557731183337,0.27,IN_VEHICLE
1557731183337,0.25,ON_FOOT
1557731183337,0.25,WALKING
1557731183337,0.03,ON_BICYCLE
1557731183337,0.01,UNKNOWN
1557731198458,1.0,STILL
1557731205981,1.0,TILTING
1557731213504,0.29,ON_FOOT
1557731213504,0.29,WALKING
1557731213504,0.26,STILL
1557731213504,0.21,UNKNOWN
1557731213504,0.07,IN_VEHICLE
1557731213504,0.06,ON_BICYCLE
1557731213504,0.05,RUNNING
1557731220234,1.0,TILTING
1557731226964,1.0,STILL
1557731230567,1.0,STILL
1557731242092,0.99,STILL
1557731242092,0.01,UNKNOWN
1557731245590,0.72,STILL
1557731245590,0.25,ON_FOOT
1557731245590,0.25,WALKING
1557731245590,0.02,UNKNOWN
1557731245590,0.01,ON_BICYCLE
1557731260684,0.55,STILL
1557731260684,0.2,UNKNOWN
1557731260684,0.05,IN_VEHICLE
1557731260684,0.05,ON_BICYCLE
1557731260684,0.05,ON_FOOT
1557731260684,0.05,WALKING
1557731260684,0.05,RUNNING
1557731276827,0.39,STILL
1557731276827,0.33,IN_VEHICLE
1557731276827,0.06,ON_FOOT
1557731276827,0.06,WALKING
1557731276827,0.05,ON_BICYCLE
1557731276827,0.02,UNKNOWN
1557731284553,1.0,TILTING
1557731292278,1.0,STILL
1557731307387,0.6,STILL
1557731307387,0.22,IN_VEHICLE
1557731307387,0.04,ON_FOOT
1557731307387,0.04,WALKING
1557731307387,0.02,UNKNOWN
1557731307387,0.01,ON_BICYCLE
1557731322491,0.63,STILL
1557731322491,0.21,IN_VEHICLE
1557731322491,0.03,ON_FOOT
1557731322491,0.03,WALKING
1557731322491,0.02,UNKNOWN
1557731337562,0.72,STILL
1557731337562,0.13,IN_VEHICLE
1557731337562,0.06,ON_FOOT
1557731337562,0.06,WALKING
1557731337562,0.02,ON_BICYCLE
1557731337562,0.02,UNKNOWN
1557731352740,0.99,STILL
1557731352740,0.01,UNKNOWN
1557731367860,1.0,STILL
1557731382981,1.0,STILL
1557731398069,1.0,STILL
1557731413180,1.0,STILL
1557731428287,1.0,STILL
1557731443520,1.0,STILL
1557731458582,0.48,STILL
1557731458582,0.28,ON_FOOT
1557731458582,0.28,WALKING
1557731458582,0.15,IN_VEHICLE
1557731458582,0.03,UNKNOWN
1557731458582,0.02,ON_BICYCLE
1557731473636,0.4,UNKNOWN
1557731473636,0.1,IN_VEHICLE
1557731473636,0.1,ON_BICYCLE
1557731473636,0.1,ON_FOOT
1557731473636,0.1,STILL
1557731473636,0.1,WALKING
1557731473636,0.1,RUNNING
1557731483564,0.3,UNKNOWN
1557731483564,0.2,STILL
1557731483564,0.13,IN_VEHICLE
1557731483564,0.1,ON_FOOT
1557731483564,0.1,WALKING
1557731483564,0.09,ON_BICYCLE
1557731483564,0.08,RUNNING
1557731505235,0.28,STILL
1557731505235,0.19,IN_VEHICLE
1557731505235,0.17,UNKNOWN
1557731505235,0.12,ON_FOOT
1557731505235,0.12,WALKING
1557731505235,0.06,ON_BICYCLE
1557731505235,0.04,RUNNING
1557731510374,1.0,TILTING
1557731515512,0.55,STILL
1557731515512,0.2,UNKNOWN
1557731515512,0.05,IN_VEHICLE
1557731515512,0.05,ON_BICYCLE
1557731515512,0.05,ON_FOOT
1557731515512,0.05,WALKING
1557731515512,0.05,RUNNING
1557731530724,1.0,STILL
1557731545862,1.0,STILL
1557731561291,1.0,STILL
1557731576418,1.0,STILL
1557731591536,1.0,STILL
1557731606680,1.0,STILL
1557731621807,1.0,STILL
1557731636998,1.0,STILL
1557731652107,1.0,STILL
1557731667234,1.0,STILL
1557731682381,1.0,STILL
1557731697532,1.0,STILL
1557731712656,1.0,STILL
1557731727807,1.0,STILL
1557731742981,1.0,STILL
1557731758102,1.0,STILL
1557731773227,1.0,STILL
1557731788363,1.0,STILL
1557731803510,1.0,STILL
1557731815521,1.0,STILL
1557731830601,1.0,STILL
1557731845674,1.0,STILL
1557731860777,1.0,STILL
1557731876379,1.0,STILL
1557731891492,1.0,STILL
1557731906570,1.0,STILL
1557731921714,1.0,STILL
1557731936825,1.0,STILL
1557731952022,1.0,STILL
1557731967104,1.0,STILL
1557731982193,1.0,STILL
1557731997317,1.0,STILL
1557732012474,1.0,STILL
1557732392596,1.0,TILTING
1557732772717,0.3,UNKNOWN
1557732772717,0.27,ON_FOOT
1557732772717,0.27,WALKING
1557732772717,0.1,STILL
1557732772717,0.09,IN_VEHICLE
1557732772717,0.08,ON_BICYCLE
1557732772717,0.08,RUNNING
1557732803477,0.31,UNKNOWN
1557732803477,0.16,STILL
1557732803477,0.15,IN_VEHICLE
1557732803477,0.12,ON_FOOT
1557732803477,0.12,WALKING
1557732803477,0.09,ON_BICYCLE
1557732803477,0.08,RUNNING
1557732821421,0.3,UNKNOWN
1557732821421,0.27,IN_VEHICLE
1557732821421,0.09,ON_FOOT
1557732821421,0.09,STILL
1557732821421,0.09,WALKING
1557732821421,0.08,ON_BICYCLE
1557732821421,0.08,RUNNING
1557732836525,0.87,ON_FOOT
1557732836525,0.87,WALKING
1557732836525,0.09,STILL
1557732836525,0.02,UNKNOWN
1557732836525,0.01,IN_VEHICLE
1557732836525,0.0,ON_BICYCLE
1557732844216,1.0,TILTING
1557732851906,0.48,ON_FOOT
1557732851906,0.48,WALKING
1557732851906,0.21,UNKNOWN
1557732851906,0.09,STILL
1557732851906,0.06,IN_VEHICLE
1557732851906,0.06,ON_BICYCLE
1557732851906,0.05,RUNNING
1557732857635,0.31,UNKNOWN
1557732857635,0.29,ON_FOOT
1557732857635,0.29,WALKING
1557732857635,0.09,STILL
1557732857635,0.08,IN_VEHICLE
1557732857635,0.08,ON_BICYCLE
1557732857635,0.08,RUNNING
1557732873697,0.4,UNKNOWN
1557732873697,0.1,IN_VEHICLE
1557732873697,0.1,ON_BICYCLE
1557732873697,0.1,ON_FOOT
1557732873697,0.1,STILL
1557732873697,0.1,WALKING
1557732873697,0.1,RUNNING
1557732882883,0.3,ON_FOOT
1557732882883,0.3,WALKING
1557732882883,0.23,IN_VEHICLE
1557732882883,0.21,UNKNOWN
1557732882883,0.09,STILL
1557732882883,0.06,ON_BICYCLE
1557732882883,0.05,RUNNING
1557732888987,0.87,ON_FOOT
1557732888987,0.87,WALKING
1557732888987,0.05,IN_VEHICLE
1557732888987,0.03,UNKNOWN
1557732888987,0.02,ON_BICYCLE
1557732888987,0.02,STILL
1557732897584,0.47,ON_FOOT
1557732897584,0.47,WALKING
1557732897584,0.21,UNKNOWN
1557732897584,0.08,IN_VEHICLE
1557732897584,0.08,STILL
1557732897584,0.06,ON_BICYCLE
1557732897584,0.05,RUNNING
1557732902643,0.97,ON_FOOT
1557732902643,0.97,WALKING
1557732902643,0.02,UNKNOWN
1557732902643,0.01,STILL
1557732910768,1.0,TILTING
1557732918892,0.31,UNKNOWN
1557732918892,0.19,STILL
1557732918892,0.14,IN_VEHICLE
1557732918892,0.09,ON_FOOT
1557732918892,0.09,WALKING
1557732918892,0.08,ON_BICYCLE
1557732918892,0.08,RUNNING
1557732924974,1.0,TILTING
1557732931056,0.88,ON_FOOT
1557732931056,0.88,WALKING
1557732931056,0.04,ON_BICYCLE
1557732931056,0.03,STILL
1557732931056,0.02,IN_VEHICLE
1557732931056,0.02,UNKNOWN
1557732931056,0.0,RUNNING
1557732947227,0.47,ON_FOOT
1557732947227,0.47,WALKING
1557732947227,0.21,UNKNOWN
1557732947227,0.09,ON_BICYCLE
1557732947227,0.07,STILL
1557732947227,0.06,IN_VEHICLE
1557732947227,0.05,RUNNING
1557732954785,1.0,TILTING
1557732962342,0.3,UNKNOWN
1557732962342,0.2,STILL
1557732962342,0.14,ON_FOOT
1557732962342,0.14,WALKING
1557732962342,0.11,IN_VEHICLE
1557732962342,0.09,ON_BICYCLE
1557732962342,0.08,RUNNING
1557732977457,0.31,UNKNOWN
1557732977457,0.22,STILL
1557732977457,0.11,IN_VEHICLE
1557732977457,0.11,ON_FOOT
1557732977457,0.11,WALKING
1557732977457,0.08,ON_BICYCLE
1557732977457,0.08,RUNNING
1557732992557,1.0,STILL
1557733007737,1.0,STILL
1557733022887,1.0,STILL
1557733038059,1.0,STILL
1557733053181,1.0,STILL
1557733068278,1.0,STILL
1557733083390,1.0,STILL
1557733090921,1.0,TILTING
1557733098451,0.7,STILL
1557733098451,0.14,IN_VEHICLE
1557733098451,0.03,ON_FOOT
1557733098451,0.03,WALKING
1557733098451,0.02,UNKNOWN
1557733098451,0.01,ON_BICYCLE
1557733113554,0.56,STILL
1557733113554,0.18,IN_VEHICLE
1557733113554,0.08,ON_FOOT
1557733113554,0.08,WALKING
1557733113554,0.03,ON_BICYCLE
1557733113554,0.01,UNKNOWN
1557733128707,0.29,STILL
1557733128707,0.21,UNKNOWN
1557733128707,0.18,IN_VEHICLE
1557733128707,0.08,ON_FOOT
1557733128707,0.08,WALKING
1557733128707,0.06,ON_BICYCLE
1557733128707,0.05,RUNNING
1557733136320,1.0,TILTING
1557733143933,1.0,STILL
1557733159045,0.82,STILL
1557733159045,0.13,ON_FOOT
1557733159045,0.13,WALKING
1557733159045,0.02,UNKNOWN
1557733159045,0.01,IN_VEHICLE
1557733159045,0.01,ON_BICYCLE
1557733174182,1.0,STILL
1557733189328,1.0,STILL
1557733204493,1.0,STILL
1557733219565,1.0,STILL
1557733236049,1.0,STILL
1557733251133,1.0,STILL
1557733264720,1.0,STILL
1557733279870,1.0,STILL
1557733295023,1.0,STILL
1557733310130,1.0,STILL
1557733325232,1.0,STILL
1557733340338,1.0,STILL
1557733356052,1.0,STILL
1557733371182,1.0,STILL
1557733386293,1.0,STILL
1557733401418,1.0,STILL
1557733416560,1.0,STILL
1557733431722,1.0,STILL
1557733446869,1.0,STILL
1557733462005,1.0,STILL
1557733477191,1.0,STILL
1557734217972,1.0,TILTING
1557734958753,0.96,ON_FOOT
1557734958753,0.96,WALKING
1557734958753,0.02,UNKNOWN
1557734958753,0.01,STILL
1557734958753,0.0,IN_VEHICLE
1557734958753,0.0,ON_BICYCLE
1557734958753,0.0,RUNNING
1557734964982,0.9,ON_FOOT
1557734964982,0.9,WALKING
1557734964982,0.04,RUNNING
1557734964982,0.03,ON_BICYCLE
1557734964982,0.01,IN_VEHICLE
1557734964982,0.01,STILL
1557734964982,0.01,UNKNOWN
1557734969535,0.95,ON_FOOT
1557734969535,0.95,WALKING
1557734969535,0.02,UNKNOWN
1557734969535,0.01,IN_VEHICLE
1557734969535,0.01,STILL
1557734969535,0.01,RUNNING
1557734981613,0.96,ON_FOOT
1557734981613,0.96,WALKING
1557734981613,0.03,UNKNOWN
1557734981613,0.01,RUNNING
1557734986141,0.99,ON_FOOT
1557734986141,0.99,WALKING
1557734986141,0.01,UNKNOWN
1557734990653,0.92,ON_FOOT
1557734990653,0.92,WALKING
1557734990653,0.02,IN_VEHICLE
1557734990653,0.02,UNKNOWN
1557734990653,0.01,ON_BICYCLE
1557734990653,0.01,STILL
1557734990653,0.01,RUNNING
1557734995160,0.97,ON_FOOT
1557734995160,0.97,WALKING
1557734995160,0.01,ON_BICYCLE
1557734995160,0.01,UNKNOWN
1557734995160,0.01,RUNNING
1557734999038,0.95,ON_FOOT
1557734999038,0.95,WALKING
1557734999038,0.04,UNKNOWN
1557734999038,0.01,RUNNING
1557735003524,0.97,ON_FOOT
1557735003524,0.97,WALKING
1557735003524,0.01,ON_BICYCLE
1557735003524,0.01,UNKNOWN
1557735003524,0.01,RUNNING
1557735005786,1.0,TILTING
1557735008047,0.9,ON_FOOT
1557735008047,0.9,WALKING
1557735008047,0.06,STILL
1557735008047,0.01,IN_VEHICLE
1557735008047,0.01,ON_BICYCLE
1557735008047,0.01,UNKNOWN
1557735022439,0.96,ON_FOOT
1557735022439,0.96,WALKING
1557735022439,0.03,RUNNING
1557735022439,0.01,UNKNOWN
1557735037564,0.98,ON_FOOT
1557735037564,0.98,WALKING
1557735037564,0.01,STILL
1557735037564,0.01,UNKNOWN
1557735045107,1.0,TILTING
1557735052649,0.4,UNKNOWN
1557735052649,0.1,IN_VEHICLE
1557735052649,0.1,ON_BICYCLE
1557735052649,0.1,ON_FOOT
1557735052649,0.1,STILL
1557735052649,0.1,WALKING
1557735052649,0.1,RUNNING
1557735060206,1.0,TILTING
1557735067762,0.31,UNKNOWN
1557735067762,0.17,STILL
1557735067762,0.16,IN_VEHICLE
1557735067762,0.1,ON_FOOT
1557735067762,0.1,WALKING
1557735067762,0.08,ON_BICYCLE
1557735067762,0.08,RUNNING
1557735076229,1.0,TILTING
1557735084695,0.62,ON_FOOT
1557735084695,0.62,WALKING
1557735084695,0.12,UNKNOWN
1557735084695,0.11,STILL
1557735084695,0.04,IN_VEHICLE
1557735084695,0.04,ON_BICYCLE
1557735084695,0.03,RUNNING
1557735092264,1.0,TILTING
1557735099833,0.31,UNKNOWN
1557735099833,0.21,STILL
1557735099833,0.13,IN_VEHICLE
1557735099833,0.1,ON_FOOT
1557735099833,0.1,WALKING
1557735099833,0.08,ON_BICYCLE
1557735099833,0.08,RUNNING
1557735107392,1.0,TILTING
1557735114951,0.4,UNKNOWN
1557735114951,0.1,IN_VEHICLE
1557735114951,0.1,ON_BICYCLE
1557735114951,0.1,ON_FOOT
1557735114951,0.1,STILL
1557735114951,0.1,WALKING
1557735114951,0.1,RUNNING
1557735130176,0.44,ON_FOOT
1557735130176,0.44,WALKING
1557735130176,0.21,UNKNOWN
1557735130176,0.14,STILL
1557735130176,0.06,IN_VEHICLE
1557735130176,0.05,ON_BICYCLE
1557735130176,0.05,RUNNING
1557735137720,1.0,TILTING
1557735145263,0.49,ON_FOOT
1557735145263,0.49,WALKING
1557735145263,0.21,UNKNOWN
1557735145263,0.1,STILL
1557735145263,0.06,RUNNING
1557735145263,0.05,IN_VEHICLE
1557735145263,0.05,ON_BICYCLE
1557735152812,1.0,TILTING
1557735160360,0.31,UNKNOWN
1557735160360,0.17,STILL
1557735160360,0.15,ON_BICYCLE
1557735160360,0.13,ON_FOOT
1557735160360,0.13,WALKING
1557735160360,0.09,IN_VEHICLE
1557735160360,0.08,RUNNING
1557735167930,1.0,TILTING
1557735175499,0.31,ON_FOOT
1557735175499,0.31,UNKNOWN
1557735175499,0.31,WALKING
1557735175499,0.08,IN_VEHICLE
1557735175499,0.08,ON_BICYCLE
1557735175499,0.08,STILL
1557735175499,0.08,RUNNING
1557735197815,0.4,UNKNOWN
1557735197815,0.1,IN_VEHICLE
1557735197815,0.1,ON_BICYCLE
1557735197815,0.1,ON_FOOT
1557735197815,0.1,STILL
1557735197815,0.1,WALKING
1557735197815,0.1,RUNNING
1557735205242,0.4,UNKNOWN
1557735205242,0.1,IN_VEHICLE
1557735205242,0.1,ON_BICYCLE
1557735205242,0.1,ON_FOOT
1557735205242,0.1,STILL
1557735205242,0.1,WALKING
1557735205242,0.1,RUNNING
1557735209345,0.4,UNKNOWN
1557735209345,0.1,IN_VEHICLE
1557735209345,0.1,ON_BICYCLE
1557735209345,0.1,ON_FOOT
1557735209345,0.1,STILL
1557735209345,0.1,WALKING
1557735209345,0.1,RUNNING
1557735224785,0.31,UNKNOWN
1557735224785,0.17,ON_FOOT
1557735224785,0.17,STILL
1557735224785,0.17,WALKING
1557735224785,0.1,IN_VEHICLE
1557735224785,0.08,ON_BICYCLE
1557735224785,0.08,RUNNING
1557735232871,0.31,UNKNOWN
1557735232871,0.15,STILL
1557735232871,0.14,IN_VEHICLE
1557735232871,0.12,ON_FOOT
1557735232871,0.12,WALKING
1557735232871,0.09,ON_BICYCLE
1557735232871,0.08,RUNNING
1557735240424,1.0,TILTING
1557735247977,0.31,UNKNOWN
1557735247977,0.17,STILL
1557735247977,0.16,ON_FOOT
1557735247977,0.16,WALKING
1557735247977,0.12,IN_VEHICLE
1557735247977,0.08,ON_BICYCLE
1557735247977,0.08,RUNNING
1557735260498,0.3,IN_VEHICLE
1557735260498,0.2,UNKNOWN
1557735260498,0.19,STILL
1557735260498,0.08,ON_FOOT
1557735260498,0.08,WALKING
1557735260498,0.06,ON_BICYCLE
1557735260498,0.05,RUNNING
1557735276012,0.9,IN_VEHICLE
1557735276012,0.06,STILL
1557735276012,0.02,UNKNOWN
1557735276012,0.01,ON_FOOT
1557735276012,0.01,WALKING
1557735291144,0.93,IN_VEHICLE
1557735291144,0.06,STILL
1557735291144,0.01,UNKNOWN
1557735298722,1.0,TILTING
1557735306299,0.5,UNKNOWN
1557735306299,0.25,ON_BICYCLE
1557735306299,0.05,ON_FOOT
1557735306299,0.05,WALKING
1557735306299,0.03,IN_VEHICLE
1557735306299,0.03,STILL
1557735306299,0.01,RUNNING
1557735321441,0.5,UNKNOWN
1557735321441,0.17,ON_BICYCLE
1557735321441,0.1,ON_FOOT
1557735321441,0.1,WALKING
1557735321441,0.03,IN_VEHICLE
1557735321441,0.01,STILL
1557735321441,0.01,RUNNING
1557735326712,1.0,TILTING
1557735331983,0.31,IN_VEHICLE
1557735331983,0.31,UNKNOWN
1557735331983,0.08,ON_BICYCLE
1557735331983,0.08,ON_FOOT
1557735331983,0.08,STILL
1557735331983,0.08,WALKING
1557735331983,0.08,RUNNING
1557735341695,1.0,TILTING
1557735351406,0.58,IN_VEHICLE
1557735351406,0.16,UNKNOWN
1557735351406,0.08,STILL
1557735351406,0.04,ON_BICYCLE
1557735351406,0.04,ON_FOOT
1557735351406,0.04,WALKING
1557735351406,0.04,RUNNING
1557735358973,1.0,TILTING
1557735366540,0.41,IN_VEHICLE
1557735366540,0.21,UNKNOWN
1557735366540,0.13,STILL
1557735366540,0.07,ON_BICYCLE
1557735366540,0.06,ON_FOOT
1557735366540,0.06,WALKING
1557735366540,0.05,RUNNING
1557735375416,0.96,IN_VEHICLE
1557735375416,0.01,STILL
1557735390534,0.81,IN_VEHICLE
1557735390534,0.05,STILL
1557735390534,0.02,ON_FOOT
1557735390534,0.02,UNKNOWN
1557735390534,0.02,WALKING
1557735390534,0.01,ON_BICYCLE
1557735398110,1.0,TILTING
1557735405685,0.33,STILL
1557735405685,0.27,IN_VEHICLE
1557735405685,0.12,ON_FOOT
1557735405685,0.12,UNKNOWN
1557735405685,0.12,WALKING
1557735405685,0.08,ON_BICYCLE
1557735405685,0.03,RUNNING
1557735413253,1.0,TILTING
1557735420820,0.27,UNKNOWN
1557735420820,0.23,STILL
1557735420820,0.16,ON_FOOT
1557735420820,0.16,WALKING
1557735420820,0.09,IN_VEHICLE
1557735420820,0.09,ON_BICYCLE
1557735420820,0.07,RUNNING
1557735435960,0.25,UNKNOWN
1557735435960,0.23,STILL
1557735435960,0.13,IN_VEHICLE
1557735435960,0.13,ON_FOOT
1557735435960,0.13,WALKING
1557735435960,0.09,ON_BICYCLE
1557735435960,0.06,RUNNING
1557735443548,1.0,TILTING
1557735451136,0.34,STILL
1557735451136,0.21,UNKNOWN
1557735451136,0.14,ON_FOOT
1557735451136,0.14,WALKING
1557735451136,0.1,IN_VEHICLE
1557735451136,0.07,ON_BICYCLE
1557735451136,0.05,RUNNING
1557735458721,1.0,TILTING
1557735466305,0.41,STILL
1557735466305,0.34,IN_VEHICLE
1557735466305,0.13,ON_FOOT
1557735466305,0.13,WALKING
1557735466305,0.02,UNKNOWN
1557735466305,0.01,ON_BICYCLE
1557735481471,0.84,IN_VEHICLE
1557735481471,0.11,STILL
1557735481471,0.01,ON_FOOT
1557735481471,0.01,UNKNOWN
1557735481471,0.01,WALKING
1557735484321,1.0,TILTING
1557735490645,1.0,TILTING
1557735499819,0.26,STILL
1557735499819,0.22,UNKNOWN
1557735499819,0.16,ON_FOOT
1557735499819,0.16,WALKING
1557735499819,0.14,IN_VEHICLE
1557735499819,0.08,ON_BICYCLE
1557735499819,0.05,RUNNING
1557735503807,0.74,STILL
1557735503807,0.11,IN_VEHICLE
1557735503807,0.04,ON_FOOT
1557735503807,0.04,WALKING
1557735503807,0.02,UNKNOWN
1557735503807,0.01,ON_BICYCLE
1557735509795,1.0,TILTING
1557735515782,0.28,UNKNOWN
1557735515782,0.19,STILL
1557735515782,0.14,ON_FOOT
1557735515782,0.14,WALKING
1557735515782,0.12,IN_VEHICLE
1557735515782,0.09,ON_BICYCLE
1557735515782,0.07,RUNNING
1557735531812,0.31,UNKNOWN
1557735531812,0.14,IN_VEHICLE
1557735531812,0.14,ON_FOOT
1557735531812,0.14,STILL
1557735531812,0.14,WALKING
1557735531812,0.09,ON_BICYCLE
1557735531812,0.08,RUNNING
1557735539808,1.0,TILTING
1557735547803,0.33,IN_VEHICLE
1557735547803,0.28,ON_FOOT
1557735547803,0.28,STILL
1557735547803,0.28,WALKING
1557735547803,0.05,ON_BICYCLE
1557735547803,0.02,UNKNOWN
1557735547803,0.0,RUNNING
1557735559820,0.9,ON_FOOT
1557735559820,0.9,WALKING
1557735559820,0.06,RUNNING
1557735559820,0.01,ON_BICYCLE
1557735559820,0.01,STILL
1557735559820,0.01,UNKNOWN
1557735559820,0.0,IN_VEHICLE
1557735574941,0.31,UNKNOWN
1557735574941,0.18,STILL
1557735574941,0.16,IN_VEHICLE
1557735574941,0.1,ON_FOOT
1557735574941,0.1,WALKING
1557735574941,0.09,ON_BICYCLE
1557735574941,0.08,RUNNING
1557735590089,0.4,UNKNOWN
1557735590089,0.1,IN_VEHICLE
1557735590089,0.1,ON_BICYCLE
1557735590089,0.1,ON_FOOT
1557735590089,0.1,STILL
1557735590089,0.1,WALKING
1557735590089,0.1,RUNNING
1557735605228,0.36,STILL
1557735605228,0.25,ON_FOOT
1557735605228,0.25,WALKING
1557735605228,0.12,UNKNOWN
1557735605228,0.08,IN_VEHICLE
1557735605228,0.08,ON_BICYCLE
1557735605228,0.03,RUNNING
1557735620408,0.4,UNKNOWN
1557735620408,0.1,IN_VEHICLE
1557735620408,0.1,ON_BICYCLE
1557735620408,0.1,ON_FOOT
1557735620408,0.1,STILL
1557735620408,0.1,WALKING
1557735620408,0.1,RUNNING
1557735636040,0.31,UNKNOWN
1557735636040,0.27,IN_VEHICLE
1557735636040,0.1,ON_BICYCLE
1557735636040,0.09,ON_FOOT
1557735636040,0.09,STILL
1557735636040,0.09,WALKING
1557735636040,0.08,RUNNING
1557735645003,1.0,TILTING
1557735653965,0.4,UNKNOWN
1557735653965,0.1,IN_VEHICLE
1557735653965,0.1,ON_BICYCLE
1557735653965,0.1,ON_FOOT
1557735653965,0.1,STILL
1557735653965,0.1,WALKING
1557735653965,0.1,RUNNING
1557735658309,1.0,TILTING
1557735662652,0.3,ON_FOOT
1557735662652,0.3,WALKING
1557735662652,0.21,UNKNOWN
1557735662652,0.16,STILL
1557735662652,0.13,IN_VEHICLE
1557735662652,0.07,ON_BICYCLE
1557735662652,0.05,RUNNING
1557735670252,1.0,TILTING
1557735677852,0.46,ON_FOOT
1557735677852,0.46,WALKING
1557735677852,0.22,UNKNOWN
1557735677852,0.12,STILL
1557735677852,0.06,ON_BICYCLE
1557735677852,0.05,IN_VEHICLE
1557735677852,0.05,RUNNING
1557735693000,0.82,ON_BICYCLE
1557735693000,0.12,IN_VEHICLE
1557735693000,0.04,ON_FOOT
1557735693000,0.04,WALKING
1557735693000,0.01,STILL
1557735693000,0.01,UNKNOWN
1557735708130,0.45,IN_VEHICLE
1557735708130,0.29,ON_BICYCLE
1557735708130,0.11,UNKNOWN
1557735708130,0.04,ON_FOOT
1557735708130,0.04,STILL
1557735708130,0.04,WALKING
1557735708130,0.03,RUNNING
1557735715723,1.0,TILTING
1557735723315,0.27,ON_BICYCLE
1557735723315,0.26,IN_VEHICLE
1557735723315,0.21,UNKNOWN
1557735723315,0.08,ON_FOOT
1557735723315,0.08,WALKING
1557735723315,0.07,STILL
1557735723315,0.05,RUNNING
1557735730886,1.0,TILTING
1557735738457,0.31,UNKNOWN
1557735738457,0.26,IN_VEHICLE
1557735738457,0.1,ON_FOOT
1557735738457,0.1,WALKING
1557735738457,0.09,ON_BICYCLE
1557735738457,0.09,STILL
1557735738457,0.08,RUNNING
1557735746064,1.0,TILTING
1557735753670,0.35,IN_VEHICLE
1557735753670,0.22,ON_BICYCLE
1557735753670,0.21,UNKNOWN
1557735753670,0.06,ON_FOOT
1557735753670,0.06,STILL
1557735753670,0.06,WALKING
1557735753670,0.05,RUNNING
1557735761250,1.0,TILTING
1557735768830,0.62,IN_VEHICLE
1557735768830,0.2,ON_FOOT
1557735768830,0.2,WALKING
1557735768830,0.1,STILL
1557735768830,0.02,UNKNOWN
1557735768830,0.01,ON_BICYCLE
1557735768830,0.0,RUNNING
1557735776413,1.0,TILTING
1557735783996,0.31,ON_FOOT
1557735783996,0.31,WALKING
1557735783996,0.21,UNKNOWN
1557735783996,0.17,STILL
1557735783996,0.11,IN_VEHICLE
1557735783996,0.07,ON_BICYCLE
1557735783996,0.06,RUNNING
1557735791556,1.0,TILTING
1557735799115,0.96,ON_FOOT
1557735799115,0.96,WALKING
1557735799115,0.02,UNKNOWN
1557735799115,0.01,STILL
1557735799115,0.01,RUNNING
1557735814291,0.98,ON_FOOT
1557735814291,0.98,WALKING
1557735814291,0.01,STILL
1557735814291,0.01,UNKNOWN
1557735821858,1.0,TILTING
1557735829425,0.97,ON_FOOT
1557735829425,0.97,WALKING
1557735829425,0.01,ON_BICYCLE
1557735829425,0.01,STILL
1557735829425,0.01,UNKNOWN
1557735844602,0.99,ON_FOOT
1557735844602,0.99,WALKING
1557735844602,0.01,UNKNOWN
1557735859681,0.98,ON_FOOT
1557735859681,0.98,WALKING
1557735859681,0.01,STILL
1557735859681,0.01,UNKNOWN
1557735867836,1.0,TILTING
1557735875991,0.8,STILL
1557735875991,0.12,IN_VEHICLE
1557735875991,0.03,ON_FOOT
1557735875991,0.03,WALKING
1557735875991,0.01,ON_BICYCLE
1557735875991,0.01,UNKNOWN
1557735890468,1.0,STILL
1557735905644,1.0,STILL
1557735920786,1.0,STILL
1557735935951,1.0,STILL
1557735951098,1.0,STILL
1557735966218,1.0,STILL
1557735981351,0.87,STILL
1557735981351,0.05,ON_FOOT
1557735981351,0.05,WALKING
1557735981351,0.03,IN_VEHICLE
1557735981351,0.02,ON_BICYCLE
1557735981351,0.02,UNKNOWN
1557735996570,1.0,STILL
1557736011679,1.0,STILL
1557736026848,1.0,STILL
1557736041966,1.0,STILL
1557736057093,1.0,STILL
1557736072245,1.0,STILL
1557736087517,1.0,STILL
1557736102792,1.0,STILL
1557736117887,1.0,STILL
1557736132999,1.0,STILL
1557736148240,1.0,STILL
1557736163375,1.0,STILL
1557736178514,1.0,STILL
1557736191572,1.0,STILL
1557736208493,1.0,STILL
1557736223650,1.0,STILL
1557736238844,1.0,STILL
1557736253945,1.0,STILL
1557736269061,1.0,STILL
1557736284183,1.0,STILL
1557736299321,1.0,STILL
1557736314463,1.0,STILL
1557736329607,1.0,STILL
1557736344723,1.0,STILL
1557736359881,1.0,STILL
1557736498664,1.0,STILL
1557737335596,1.0,TILTING
1557738172527,0.39,STILL
1557738172527,0.27,IN_VEHICLE
1557738172527,0.09,ON_FOOT
1557738172527,0.09,WALKING
1557738172527,0.05,ON_BICYCLE
1557738172527,0.02,UNKNOWN
1557738191161,0.52,STILL
1557738191161,0.22,IN_VEHICLE
1557738191161,0.04,ON_FOOT
1557738191161,0.04,WALKING
1557738191161,0.01,ON_BICYCLE
1557738191161,0.01,UNKNOWN
1557738209699,0.53,STILL
1557738209699,0.24,IN_VEHICLE
1557738209699,0.06,ON_FOOT
1557738209699,0.06,WALKING
1557738209699,0.02,ON_BICYCLE
1557738209699,0.01,UNKNOWN
1557738224784,0.65,STILL
1557738224784,0.17,IN_VEHICLE
1557738224784,0.05,ON_FOOT
1557738224784,0.05,WALKING
1557738224784,0.01,ON_BICYCLE
1557738224784,0.01,UNKNOWN
1557738322739,1.0,TILTING
1557738420693,0.3,UNKNOWN
1557738420693,0.27,ON_FOOT
1557738420693,0.27,WALKING
1557738420693,0.09,IN_VEHICLE
1557738420693,0.09,ON_BICYCLE
1557738420693,0.09,STILL
1557738420693,0.08,RUNNING
1557738431296,1.0,TILTING
1557738441899,0.47,ON_FOOT
1557738441899,0.47,WALKING
1557738441899,0.16,STILL
1557738441899,0.12,UNKNOWN
1557738441899,0.1,IN_VEHICLE
1557738441899,0.05,ON_BICYCLE
1557738441899,0.03,RUNNING
1557738450846,1.0,TILTING
1557738459792,0.31,UNKNOWN
1557738459792,0.16,STILL
1557738459792,0.14,IN_VEHICLE
1557738459792,0.11,ON_FOOT
1557738459792,0.11,WALKING
1557738459792,0.1,ON_BICYCLE
1557738459792,0.08,RUNNING
1557738466538,1.0,TILTING
1557738473284,0.52,ON_FOOT
1557738473284,0.52,WALKING
1557738473284,0.21,UNKNOWN
1557738473284,0.06,ON_BICYCLE
1557738473284,0.05,IN_VEHICLE
1557738473284,0.05,STILL
1557738473284,0.05,RUNNING
1557738481103,1.0,TILTING
1557738488922,0.91,ON_FOOT
1557738488922,0.91,WALKING
1557738488922,0.04,RUNNING
1557738488922,0.02,ON_BICYCLE
1557738488922,0.02,UNKNOWN
1557738488922,0.01,STILL
1557738504379,0.95,ON_FOOT
1557738504379,0.95,WALKING
1557738504379,0.02,STILL
1557738504379,0.02,UNKNOWN
1557738504379,0.01,ON_BICYCLE
1557738526450,0.48,ON_FOOT
1557738526450,0.48,WALKING
1557738526450,0.17,UNKNOWN
1557738526450,0.13,STILL
1557738526450,0.06,IN_VEHICLE
1557738526450,0.05,ON_BICYCLE
1557738526450,0.04,RUNNING
1557738534524,1.0,TILTING
1557738542597,0.51,ON_FOOT
1557738542597,0.51,WALKING
1557738542597,0.21,UNKNOWN
1557738542597,0.08,RUNNING
1557738542597,0.06,STILL
1557738542597,0.05,IN_VEHICLE
1557738542597,0.05,ON_BICYCLE
1557738558053,0.31,UNKNOWN
1557738558053,0.15,STILL
1557738558053,0.14,ON_FOOT
1557738558053,0.14,WALKING
1557738558053,0.12,IN_VEHICLE
1557738558053,0.1,ON_BICYCLE
1557738558053,0.08,RUNNING
1557738566296,0.59,ON_FOOT
1557738566296,0.59,WALKING
1557738566296,0.27,STILL
1557738566296,0.04,IN_VEHICLE
1557738566296,0.03,ON_BICYCLE
1557738566296,0.02,UNKNOWN
1557738566296,0.02,RUNNING
1557738582184,0.5,ON_FOOT
1557738582184,0.5,WALKING
1557738582184,0.21,STILL
1557738582184,0.12,UNKNOWN
1557738582184,0.06,ON_BICYCLE
1557738582184,0.04,IN_VEHICLE
1557738582184,0.04,RUNNING
1557738587961,1.0,TILTING
1557738593737,0.42,STILL
1557738593737,0.17,ON_FOOT
1557738593737,0.17,WALKING
1557738593737,0.12,UNKNOWN
1557738593737,0.11,IN_VEHICLE
1557738593737,0.06,ON_BICYCLE
1557738593737,0.03,RUNNING
1557738617531,0.44,ON_FOOT
1557738617531,0.44,WALKING
1557738617531,0.21,UNKNOWN
1557738617531,0.11,STILL
1557738617531,0.07,IN_VEHICLE
1557738617531,0.06,ON_BICYCLE
1557738617531,0.05,RUNNING
1557738628732,0.31,ON_FOOT
1557738628732,0.31,WALKING
1557738628732,0.3,UNKNOWN
1557738628732,0.09,STILL
1557738628732,0.08,IN_VEHICLE
1557738628732,0.08,ON_BICYCLE
1557738628732,0.08,RUNNING
1557738635400,1.0,TILTING
1557738642067,0.9,ON_FOOT
1557738642067,0.9,WALKING
1557738642067,0.05,STILL
1557738642067,0.02,UNKNOWN
1557738642067,0.01,IN_VEHICLE
1557738642067,0.01,ON_BICYCLE
1557738642067,0.01,RUNNING
1557738644283,1.0,TILTING
1557738646498,0.49,ON_FOOT
1557738646498,0.49,WALKING
1557738646498,0.22,UNKNOWN
1557738646498,0.08,STILL
1557738646498,0.06,IN_VEHICLE
1557738646498,0.06,ON_BICYCLE
1557738646498,0.06,RUNNING
1557738656573,1.0,TILTING
1557738666647,0.3,UNKNOWN
1557738666647,0.2,STILL
1557738666647,0.14,IN_VEHICLE
1557738666647,0.09,ON_FOOT
1557738666647,0.09,WALKING
1557738666647,0.08,ON_BICYCLE
1557738666647,0.08,RUNNING
1557738681754,0.45,STILL
1557738681754,0.21,IN_VEHICLE
1557738681754,0.12,UNKNOWN
1557738681754,0.08,ON_FOOT
1557738681754,0.08,WALKING
1557738681754,0.03,ON_BICYCLE
1557738681754,0.03,RUNNING
1557738696854,0.31,UNKNOWN
1557738696854,0.19,STILL
1557738696854,0.15,IN_VEHICLE
1557738696854,0.09,ON_FOOT
1557738696854,0.09,WALKING
1557738696854,0.08,ON_BICYCLE
1557738696854,0.08,RUNNING
1557738712160,0.31,UNKNOWN
1557738712160,0.15,STILL
1557738712160,0.14,IN_VEHICLE
1557738712160,0.14,ON_FOOT
1557738712160,0.14,WALKING
1557738712160,0.08,ON_BICYCLE
1557738712160,0.08,RUNNING
1557738734840,0.55,STILL
1557738734840,0.17,UNKNOWN
1557738734840,0.08,ON_FOOT
1557738734840,0.08,WALKING
1557738734840,0.06,IN_VEHICLE
1557738734840,0.05,ON_BICYCLE
1557738734840,0.04,RUNNING
1557738744770,1.0,TILTING
1557738754699,1.0,STILL
1557738770556,0.87,STILL
1557738770556,0.05,ON_FOOT
1557738770556,0.05,WALKING
1557738770556,0.03,UNKNOWN
1557738770556,0.02,IN_VEHICLE
1557738770556,0.02,ON_BICYCLE
1557738778154,1.0,TILTING
1557738785752,1.0,STILL
1557738801008,1.0,STILL
1557738817598,1.0,STILL
1557738832771,1.0,STILL
1557738847880,0.55,STILL
1557738847880,0.2,UNKNOWN
1557738847880,0.05,IN_VEHICLE
1557738847880,0.05,ON_BICYCLE
1557738847880,0.05,ON_FOOT
1557738847880,0.05,WALKING
1557738847880,0.05,RUNNING
1557738855886,1.0,TILTING
1557738863891,0.4,UNKNOWN
1557738863891,0.1,IN_VEHICLE
1557738863891,0.1,ON_BICYCLE
1557738863891,0.1,ON_FOOT
1557738863891,0.1,STILL
1557738863891,0.1,WALKING
1557738863891,0.1,RUNNING
1557738868235,0.29,STILL
1557738868235,0.22,IN_VEHICLE
1557738868235,0.16,ON_FOOT
1557738868235,0.16,WALKING
1557738868235,0.12,UNKNOWN
1557738868235,0.06,ON_BICYCLE
1557738868235,0.03,RUNNING
1557738881662,0.32,STILL
1557738881662,0.27,UNKNOWN
1557738881662,0.1,IN_VEHICLE
1557738881662,0.09,ON_FOOT
1557738881662,0.09,WALKING
1557738881662,0.07,ON_BICYCLE
1557738881662,0.07,RUNNING
1557738896863,0.57,STILL
1557738896863,0.19,IN_VEHICLE
1557738896863,0.07,ON_FOOT
1557738896863,0.07,WALKING
1557738896863,0.02,ON_BICYCLE
1557738896863,0.02,UNKNOWN
1557738912004,0.56,STILL
1557738912004,0.16,ON_FOOT
1557738912004,0.16,WALKING
1557738912004,0.15,IN_VEHICLE
1557738912004,0.03,ON_BICYCLE
1557738912004,0.02,UNKNOWN
1557738927139,0.61,STILL
1557738927139,0.18,IN_VEHICLE
1557738927139,0.05,ON_FOOT
1557738927139,0.05,WALKING
1557738927139,0.01,ON_BICYCLE
1557738927139,0.01,UNKNOWN
1557738942280,0.82,STILL
1557738942280,0.09,IN_VEHICLE
1557738942280,0.03,ON_FOOT
1557738942280,0.03,WALKING
1557738942280,0.01,ON_BICYCLE
1557738942280,0.01,UNKNOWN
1557738957455,0.63,STILL
1557738957455,0.19,IN_VEHICLE
1557738957455,0.07,ON_FOOT
1557738957455,0.07,WALKING
1557738957455,0.02,UNKNOWN
1557738957455,0.01,ON_BICYCLE
1557738972640,0.57,STILL
1557738972640,0.21,IN_VEHICLE
1557738972640,0.06,ON_FOOT
1557738972640,0.06,WALKING
1557738972640,0.02,ON_BICYCLE
1557738972640,0.02,UNKNOWN
1557738988101,0.4,UNKNOWN
1557738988101,0.1,IN_VEHICLE
1557738988101,0.1,ON_BICYCLE
1557738988101,0.1,ON_FOOT
1557738988101,0.1,STILL
1557738988101,0.1,WALKING
1557738988101,0.1,RUNNING
1557738993668,1.0,TILTING
1557738999235,0.31,UNKNOWN
1557738999235,0.17,STILL
1557738999235,0.14,IN_VEHICLE
1557738999235,0.09,ON_FOOT
1557738999235,0.09,WALKING
1557738999235,0.08,ON_BICYCLE
1557738999235,0.08,RUNNING
1557739022025,1.0,STILL
1557739034003,1.0,STILL
1557739049113,1.0,STILL
1557739064247,1.0,STILL
1557739079370,1.0,STILL
1557739094534,1.0,STILL
1557739109687,1.0,STILL
1557739125605,1.0,STILL
1557739142130,1.0,STILL
1557739157335,1.0,STILL
1557739172439,1.0,STILL
1557739187544,1.0,STILL
1557739202705,1.0,STILL
1557739217844,1.0,STILL
1557739232990,1.0,STILL
1557739248144,1.0,STILL
1557739263711,1.0,STILL
1557739278813,1.0,STILL
1557739293996,1.0,STILL
1557739309074,1.0,STILL
1557739317924,1.0,TILTING
1557739326774,0.27,UNKNOWN
1557739326774,0.19,STILL
1557739326774,0.16,IN_VEHICLE
1557739326774,0.12,ON_FOOT
1557739326774,0.12,WALKING
1557739326774,0.09,ON_BICYCLE
1557739326774,0.07,RUNNING
1557739334903,1.0,TILTING
1557739343031,0.22,STILL
1557739343031,0.21,UNKNOWN
1557739343031,0.18,IN_VEHICLE
1557739343031,0.14,ON_FOOT
1557739343031,0.14,WALKING
1557739343031,0.06,ON_BICYCLE
1557739343031,0.05,RUNNING
1557739350748,1.0,TILTING
1557739358465,1.0,STILL
1557739373654,1.0,STILL
1557739388817,1.0,STILL
1557739403979,1.0,STILL
1557739419141,1.0,STILL
1557739434280,1.0,STILL
1557739449415,1.0,STILL
1557739464546,1.0,STILL
1557739479699,1.0,STILL
1557739494830,1.0,STILL
1557739509988,1.0,STILL
1557739525126,1.0,STILL
1557739540281,1.0,STILL
1557739555406,1.0,STILL
1557739570521,1.0,STILL
1557739585651,1.0,STILL
1557739600817,1.0,STILL
1557739608348,1.0,TILTING
1557739615879,0.34,STILL
1557739615879,0.29,ON_FOOT
1557739615879,0.29,WALKING
1557739615879,0.18,IN_VEHICLE
1557739615879,0.02,ON_BICYCLE
1557739615879,0.02,UNKNOWN
1557739631015,0.32,STILL
1557739631015,0.26,IN_VEHICLE
1557739631015,0.17,ON_FOOT
1557739631015,0.17,WALKING
1557739631015,0.03,ON_BICYCLE
1557739631015,0.01,UNKNOWN
1557739641937,0.3,UNKNOWN
1557739641937,0.18,STILL
1557739641937,0.14,ON_FOOT
1557739641937,0.14,WALKING
1557739641937,0.12,IN_VEHICLE
1557739641937,0.08,ON_BICYCLE
1557739641937,0.08,RUNNING
1557739645678,0.4,UNKNOWN
1557739645678,0.1,IN_VEHICLE
1557739645678,0.1,ON_BICYCLE
1557739645678,0.1,ON_FOOT
1557739645678,0.1,STILL
1557739645678,0.1,WALKING
1557739645678,0.1,RUNNING
1557739654653,1.0,TILTING
1557739663628,0.33,STILL
1557739663628,0.21,UNKNOWN
1557739663628,0.15,ON_FOOT
1557739663628,0.15,WALKING
1557739663628,0.1,IN_VEHICLE
1557739663628,0.07,ON_BICYCLE
1557739663628,0.05,RUNNING
1557739678783,0.44,STILL
1557739678783,0.22,ON_FOOT
1557739678783,0.22,WALKING
1557739678783,0.17,IN_VEHICLE
1557739678783,0.06,ON_BICYCLE
1557739678783,0.02,UNKNOWN
1557739678783,0.01,RUNNING
1557739693848,0.66,STILL
1557739693848,0.14,IN_VEHICLE
1557739693848,0.1,ON_FOOT
1557739693848,0.1,WALKING
1557739693848,0.03,UNKNOWN
1557739693848,0.02,ON_BICYCLE
1557739701467,1.0,TILTING
1557739709085,1.0,STILL
1557739724254,1.0,STILL
1557739739362,1.0,STILL
1557739754498,1.0,STILL
1557739769605,1.0,STILL
1557739784719,1.0,STILL
1557739799826,1.0,STILL
1557739807367,1.0,TILTING
1557739814908,0.75,STILL
1557739814908,0.09,IN_VEHICLE
1557739814908,0.04,ON_FOOT
1557739814908,0.04,WALKING
1557739814908,0.02,UNKNOWN
1557739814908,0.01,ON_BICYCLE
1557739830035,0.85,STILL
1557739830035,0.11,IN_VEHICLE
1557739830035,0.02,UNKNOWN
1557739830035,0.01,ON_FOOT
1557739830035,0.01,WALKING
1557739837578,1.0,TILTING
1557739845121,1.0,STILL
1557739860234,1.0,STILL
1557739875312,1.0,STILL
1557739890436,1.0,STILL
1557739905533,0.86,STILL
1557739905533,0.11,ON_FOOT
1557739905533,0.11,WALKING
1557739905533,0.01,IN_VEHICLE
1557739905533,0.01,ON_BICYCLE
1557739905533,0.01,UNKNOWN
1557739920649,1.0,STILL
1557739935794,1.0,STILL
1557739950881,1.0,STILL
1557739966303,0.5,STILL
1557739966303,0.22,IN_VEHICLE
1557739966303,0.09,ON_FOOT
1557739966303,0.09,WALKING
1557739966303,0.02,ON_BICYCLE
1557739966303,0.02,UNKNOWN
1557739981438,0.92,STILL
1557739981438,0.04,ON_FOOT
1557739981438,0.04,WALKING
1557739981438,0.02,UNKNOWN
1557739981438,0.01,IN_VEHICLE
1557739981438,0.01,ON_BICYCLE
1557739996572,1.0,STILL
1557740011728,1.0,STILL
1557740026884,1.0,STILL
1557740042023,1.0,STILL
1557740057360,1.0,STILL
1557740072455,1.0,STILL
1557740087599,1.0,STILL
1557740102724,1.0,STILL
1557740111144,1.0,TILTING
1557740119563,0.69,STILL
1557740119563,0.11,IN_VEHICLE
1557740119563,0.07,ON_FOOT
1557740119563,0.07,WALKING
1557740119563,0.02,ON_BICYCLE
1557740119563,0.01,UNKNOWN
1557740134671,0.64,STILL
1557740134671,0.14,IN_VEHICLE
1557740134671,0.06,ON_FOOT
1557740134671,0.06,WALKING
1557740134671,0.03,UNKNOWN
1557740134671,0.01,ON_BICYCLE
1557740149757,0.54,STILL
1557740149757,0.24,IN_VEHICLE
1557740149757,0.08,ON_FOOT
1557740149757,0.08,WALKING
1557740149757,0.01,ON_BICYCLE
1557740149757,0.01,UNKNOWN
1557740164863,0.45,STILL
1557740164863,0.21,UNKNOWN
1557740164863,0.09,IN_VEHICLE
1557740164863,0.07,ON_FOOT
1557740164863,0.07,WALKING
1557740164863,0.06,ON_BICYCLE
1557740164863,0.05,RUNNING
1557740172449,1.0,TILTING
1557740180034,1.0,STILL
1557740745925,1.0,TILTING
1557741311815,0.53,ON_FOOT
1557741311815,0.53,WALKING
1557741311815,0.17,UNKNOWN
1557741311815,0.07,IN_VEHICLE
1557741311815,0.07,ON_BICYCLE
1557741311815,0.07,STILL
1557741311815,0.05,RUNNING
1557741330307,1.0,TILTING
1557741348798,0.4,UNKNOWN
1557741348798,0.1,IN_VEHICLE
1557741348798,0.1,ON_BICYCLE
1557741348798,0.1,ON_FOOT
1557741348798,0.1,STILL
1557741348798,0.1,WALKING
1557741348798,0.1,RUNNING
1557741357234,1.0,TILTING
1557741365669,0.4,UNKNOWN
1557741365669,0.1,IN_VEHICLE
1557741365669,0.1,ON_BICYCLE
1557741365669,0.1,ON_FOOT
1557741365669,0.1,STILL
1557741365669,0.1,WALKING
1557741365669,0.1,RUNNING
1557741380824,0.4,UNKNOWN
1557741380824,0.1,IN_VEHICLE
1557741380824,0.1,ON_BICYCLE
1557741380824,0.1,ON_FOOT
1557741380824,0.1,STILL
1557741380824,0.1,WALKING
1557741380824,0.1,RUNNING
1557741397359,0.4,UNKNOWN
1557741397359,0.1,IN_VEHICLE
1557741397359,0.1,ON_BICYCLE
1557741397359,0.1,ON_FOOT
1557741397359,0.1,STILL
1557741397359,0.1,WALKING
1557741397359,0.1,RUNNING
1557741412513,0.4,UNKNOWN
1557741412513,0.1,IN_VEHICLE
1557741412513,0.1,ON_BICYCLE
1557741412513,0.1,ON_FOOT
1557741412513,0.1,STILL
1557741412513,0.1,WALKING
1557741412513,0.1,RUNNING
1557741427599,0.3,IN_VEHICLE
1557741427599,0.3,UNKNOWN
1557741427599,0.08,ON_BICYCLE
1557741427599,0.08,ON_FOOT
1557741427599,0.08,STILL
1557741427599,0.08,WALKING
1557741427599,0.08,RUNNING
1557741438854,0.31,UNKNOWN
1557741438854,0.28,ON_FOOT
1557741438854,0.28,WALKING
1557741438854,0.09,IN_VEHICLE
1557741438854,0.09,STILL
1557741438854,0.08,ON_BICYCLE
1557741438854,0.08,RUNNING
1557741453996,0.31,IN_VEHICLE
1557741453996,0.3,UNKNOWN
1557741453996,0.09,STILL
1557741453996,0.08,ON_BICYCLE
1557741453996,0.08,ON_FOOT
1557741453996,0.08,WALKING
1557741453996,0.08,RUNNING
1557741469113,0.71,IN_VEHICLE
1557741469113,0.15,STILL
1557741469113,0.06,ON_FOOT
1557741469113,0.06,WALKING
1557741469113,0.02,UNKNOWN
1557741469113,0.01,ON_BICYCLE
1557741484194,0.5,IN_VEHICLE
1557741484194,0.21,UNKNOWN
1557741484194,0.1,STILL
1557741484194,0.05,ON_BICYCLE
1557741484194,0.05,ON_FOOT
1557741484194,0.05,WALKING
1557741484194,0.05,RUNNING
1557741500516,0.85,IN_VEHICLE
1557741500516,0.02,STILL
1557741500516,0.02,UNKNOWN
1557741500516,0.01,ON_BICYCLE
1557741500516,0.01,ON_FOOT
1557741500516,0.01,WALKING
1557741516034,0.74,IN_VEHICLE
1557741516034,0.1,STILL
1557741516034,0.02,ON_FOOT
1557741516034,0.02,UNKNOWN
1557741516034,0.02,WALKING
1557741531162,0.98,IN_VEHICLE
1557741531162,0.01,UNKNOWN
1557741546307,0.97,IN_VEHICLE
1557741546307,0.01,STILL
1557741546307,0.01,UNKNOWN
1557741561409,0.76,IN_VEHICLE
1557741561409,0.14,STILL
1557741561409,0.01,ON_BICYCLE
1557741561409,0.01,ON_FOOT
1557741561409,0.01,UNKNOWN
1557741561409,0.01,WALKING
1557741576536,0.71,STILL
1557741576536,0.15,IN_VEHICLE
1557741576536,0.04,ON_FOOT
1557741576536,0.04,WALKING
1557741576536,0.02,UNKNOWN
1557741576536,0.01,ON_BICYCLE
1557741591644,0.73,STILL
1557741591644,0.24,IN_VEHICLE
1557741591644,0.01,UNKNOWN
1557741591644,0.0,ON_FOOT
1557741591644,0.0,WALKING
1557741606820,0.27,ON_FOOT
1557741606820,0.27,WALKING
1557741606820,0.26,IN_VEHICLE
1557741606820,0.21,UNKNOWN
1557741606820,0.07,STILL
1557741606820,0.06,ON_BICYCLE
1557741606820,0.05,RUNNING
1557741614382,1.0,TILTING
1557741621943,0.31,UNKNOWN
1557741621943,0.15,STILL
1557741621943,0.14,IN_VEHICLE
1557741621943,0.14,ON_FOOT
1557741621943,0.14,WALKING
1557741621943,0.09,ON_BICYCLE
1557741621943,0.08,RUNNING
1557741637291,0.61,IN_VEHICLE
1557741637291,0.16,UNKNOWN
1557741637291,0.06,STILL
1557741637291,0.04,ON_BICYCLE
1557741637291,0.04,ON_FOOT
1557741637291,0.04,WALKING
1557741637291,0.04,RUNNING
1557741652390,0.34,IN_VEHICLE
1557741652390,0.27,UNKNOWN
1557741652390,0.1,ON_FOOT
1557741652390,0.1,WALKING
1557741652390,0.08,ON_BICYCLE
1557741652390,0.08,STILL
1557741652390,0.07,RUNNING
1557741654369,1.0,TILTING
1557741659157,1.0,TILTING
1557741665924,0.99,ON_FOOT
1557741665924,0.99,WALKING
1557741665924,0.01,UNKNOWN
1557741665924,0.0,RUNNING
1557741683153,1.0,ON_FOOT
1557741683153,1.0,WALKING
1557741698262,0.99,ON_FOOT
1557741698262,0.99,WALKING
1557741698262,0.01,UNKNOWN
1557741705836,1.0,TILTING
1557741713410,0.91,ON_FOOT
1557741713410,0.91,WALKING
1557741713410,0.04,ON_BICYCLE
1557741713410,0.02,STILL
1557741713410,0.02,UNKNOWN
1557741713410,0.01,IN_VEHICLE
1557741721035,1.0,TILTING
1557741728659,0.98,ON_FOOT
1557741728659,0.98,WALKING
1557741728659,0.01,STILL
1557741728659,0.01,UNKNOWN
1557741743787,1.0,ON_FOOT
1557741743787,1.0,WALKING
1557741751031,1.0,TILTING
1557741758274,0.97,ON_FOOT
1557741758274,0.97,WALKING
1557741758274,0.02,UNKNOWN
1557741758274,0.01,STILL
1557741763057,0.95,ON_FOOT
1557741763057,0.95,WALKING
1557741763057,0.02,UNKNOWN
1557741763057,0.01,ON_BICYCLE
1557741763057,0.01,STILL
1557741763057,0.01,RUNNING
1557741769238,0.94,ON_FOOT
1557741769238,0.94,WALKING
1557741769238,0.02,STILL
1557741769238,0.02,UNKNOWN
1557741769238,0.01,IN_VEHICLE
1557741769238,0.01,ON_BICYCLE
1557741777598,0.49,ON_FOOT
1557741777598,0.49,WALKING
1557741777598,0.21,UNKNOWN
1557741777598,0.07,IN_VEHICLE
1557741777598,0.07,ON_BICYCLE
1557741777598,0.07,STILL
1557741777598,0.06,RUNNING
1557741779923,1.0,TILTING
1557741782248,0.97,ON_FOOT
1557741782248,0.97,WALKING
1557741782248,0.01,STILL
1557741782248,0.01,UNKNOWN
1557741782248,0.01,RUNNING
1557741794642,0.54,ON_FOOT
1557741794642,0.54,WALKING
1557741794642,0.21,UNKNOWN
1557741794642,0.06,ON_BICYCLE
1557741794642,0.05,IN_VEHICLE
1557741794642,0.05,STILL
1557741794642,0.05,RUNNING
1557741803463,1.0,TILTING
1557741812284,0.33,ON_FOOT
1557741812284,0.33,WALKING
1557741812284,0.28,STILL
1557741812284,0.15,IN_VEHICLE
1557741812284,0.11,UNKNOWN
1557741812284,0.04,ON_BICYCLE
1557741812284,0.03,RUNNING
1557741827697,0.33,STILL
1557741827697,0.21,UNKNOWN
1557741827697,0.16,IN_VEHICLE
1557741827697,0.08,ON_FOOT
1557741827697,0.08,WALKING
1557741827697,0.07,ON_BICYCLE
1557741827697,0.05,RUNNING
1557741835598,1.0,TILTING
1557741843499,0.5,UNKNOWN
1557741843499,0.1,IN_VEHICLE
1557741843499,0.07,STILL
1557741843499,0.02,ON_BICYCLE
1557741843499,0.02,ON_FOOT
1557741843499,0.02,WALKING
1557741843499,0.02,RUNNING
1557741849444,1.0,TILTING
1557741855388,0.53,ON_FOOT
1557741855388,0.53,WALKING
1557741855388,0.22,UNKNOWN
1557741855388,0.06,STILL
1557741855388,0.05,IN_VEHICLE
1557741855388,0.05,ON_BICYCLE
1557741855388,0.05,RUNNING
1557741876464,0.4,UNKNOWN
1557741876464,0.1,IN_VEHICLE
1557741876464,0.1,ON_BICYCLE
1557741876464,0.1,ON_FOOT
1557741876464,0.1,STILL
1557741876464,0.1,WALKING
1557741876464,0.1,RUNNING
1557741886958,1.0,TILTING
1557741897451,0.4,UNKNOWN
1557741897451,0.1,IN_VEHICLE
1557741897451,0.1,ON_BICYCLE
1557741897451,0.1,ON_FOOT
1557741897451,0.1,STILL
1557741897451,0.1,WALKING
1557741897451,0.1,RUNNING
1557741909072,1.0,TILTING
1557741920693,0.82,STILL
1557741920693,0.09,IN_VEHICLE
1557741920693,0.03,ON_FOOT
1557741920693,0.03,WALKING
1557741920693,0.01,ON_BICYCLE
1557741920693,0.01,UNKNOWN
1557741935912,0.81,STILL
1557741935912,0.11,ON_FOOT
1557741935912,0.11,WALKING
1557741935912,0.04,IN_VEHICLE
1557741935912,0.03,UNKNOWN
1557741935912,0.01,ON_BICYCLE
1557741940249,1.0,TILTING
1557741944585,0.29,ON_FOOT
1557741944585,0.29,WALKING
1557741944585,0.27,STILL
1557741944585,0.21,UNKNOWN
1557741944585,0.07,IN_VEHICLE
1557741944585,0.06,ON_BICYCLE
1557741944585,0.05,RUNNING
1557741949180,0.94,ON_FOOT
1557741949180,0.94,WALKING
1557741949180,0.03,STILL
1557741949180,0.01,IN_VEHICLE
1557741949180,0.01,UNKNOWN
1557741964739,0.4,UNKNOWN
1557741964739,0.1,IN_VEHICLE
1557741964739,0.1,ON_BICYCLE
1557741964739,0.1,ON_FOOT
1557741964739,0.1,STILL
1557741964739,0.1,WALKING
1557741964739,0.1,RUNNING
1557741981446,0.4,UNKNOWN
1557741981446,0.1,IN_VEHICLE
1557741981446,0.1,ON_BICYCLE
1557741981446,0.1,ON_FOOT
1557741981446,0.1,STILL
1557741981446,0.1,WALKING
1557741981446,0.1,RUNNING
1557741996545,0.4,UNKNOWN
1557741996545,0.1,IN_VEHICLE
1557741996545,0.1,ON_BICYCLE
1557741996545,0.1,ON_FOOT
1557741996545,0.1,STILL
1557741996545,0.1,WALKING
1557741996545,0.1,RUNNING
1557742011664,0.4,UNKNOWN
1557742011664,0.1,IN_VEHICLE
1557742011664,0.1,ON_BICYCLE
1557742011664,0.1,ON_FOOT
1557742011664,0.1,STILL
1557742011664,0.1,WALKING
1557742011664,0.1,RUNNING
1557742026840,0.4,UNKNOWN
1557742026840,0.1,IN_VEHICLE
1557742026840,0.1,ON_BICYCLE
1557742026840,0.1,ON_FOOT
1557742026840,0.1,STILL
1557742026840,0.1,WALKING
1557742026840,0.1,RUNNING
1557742039902,0.4,UNKNOWN
1557742039902,0.1,IN_VEHICLE
1557742039902,0.1,ON_BICYCLE
1557742039902,0.1,ON_FOOT
1557742039902,0.1,STILL
1557742039902,0.1,WALKING
1557742039902,0.1,RUNNING
1557742057253,0.4,UNKNOWN
1557742057253,0.1,IN_VEHICLE
1557742057253,0.1,ON_BICYCLE
1557742057253,0.1,ON_FOOT
1557742057253,0.1,STILL
1557742057253,0.1,WALKING
1557742057253,0.1,RUNNING
1557742088870,0.31,UNKNOWN
1557742088870,0.27,ON_FOOT
1557742088870,0.27,WALKING
1557742088870,0.1,IN_VEHICLE
1557742088870,0.1,STILL
1557742088870,0.08,ON_BICYCLE
1557742088870,0.08,RUNNING
1557742097350,1.0,TILTING
1557742105830,0.71,STILL
1557742105830,0.1,UNKNOWN
1557742105830,0.06,IN_VEHICLE
1557742105830,0.04,ON_FOOT
1557742105830,0.04,WALKING
1557742105830,0.03,ON_BICYCLE
1557742105830,0.03,RUNNING
1557742121079,1.0,STILL
1557742136227,1.0,STILL
1557742151321,1.0,STILL
1557742166478,1.0,STILL
1557742174079,1.0,TILTING
1557742181680,0.48,ON_FOOT
1557742181680,0.48,WALKING
1557742181680,0.22,UNKNOWN
1557742181680,0.08,STILL
1557742181680,0.06,IN_VEHICLE
1557742181680,0.06,ON_BICYCLE
1557742181680,0.05,RUNNING
1557742187909,1.0,TILTING
1557742194137,0.42,STILL
1557742194137,0.21,UNKNOWN
1557742194137,0.13,ON_FOOT
1557742194137,0.13,WALKING
1557742194137,0.07,IN_VEHICLE
1557742194137,0.07,ON_BICYCLE
1557742194137,0.05,RUNNING
1557742197591,0.66,STILL
1557742197591,0.14,IN_VEHICLE
1557742197591,0.11,ON_FOOT
1557742197591,0.11,WALKING
1557742197591,0.02,ON_BICYCLE
1557742197591,0.02,UNKNOWN
1557742206561,0.24,STILL
1557742206561,0.21,UNKNOWN
1557742206561,0.2,IN_VEHICLE
1557742206561,0.07,ON_FOOT
1557742206561,0.07,WALKING
1557742206561,0.06,ON_BICYCLE
1557742206561,0.05,RUNNING
1557742226882,0.4,UNKNOWN
1557742226882,0.1,IN_VEHICLE
1557742226882,0.1,ON_BICYCLE
1557742226882,0.1,ON_FOOT
1557742226882,0.1,STILL
1557742226882,0.1,WALKING
1557742226882,0.1,RUNNING
1557742233697,0.37,STILL
1557742233697,0.23,IN_VEHICLE
1557742233697,0.21,ON_FOOT
1557742233697,0.21,WALKING
1557742233697,0.04,ON_BICYCLE
1557742233697,0.02,UNKNOWN
1557742233697,0.0,RUNNING
1557742246563,0.29,STILL
1557742246563,0.21,UNKNOWN
1557742246563,0.17,ON_FOOT
1557742246563,0.17,WALKING
1557742246563,0.13,IN_VEHICLE
1557742246563,0.06,ON_BICYCLE
1557742246563,0.05,RUNNING
1557742261744,0.42,STILL
1557742261744,0.27,IN_VEHICLE
1557742261744,0.2,ON_FOOT
1557742261744,0.2,WALKING
1557742261744,0.02,ON_BICYCLE
1557742261744,0.02,UNKNOWN
1557742276875,0.42,STILL
1557742276875,0.28,ON_FOOT
1557742276875,0.28,WALKING
1557742276875,0.16,IN_VEHICLE
1557742276875,0.02,UNKNOWN
1557742276875,0.01,ON_BICYCLE
1557742291972,0.47,STILL
1557742291972,0.16,ON_FOOT
1557742291972,0.16,WALKING
1557742291972,0.15,IN_VEHICLE
1557742291972,0.06,ON_BICYCLE
1557742291972,0.02,UNKNOWN
1557742291972,0.01,RUNNING
1557742307098,0.28,UNKNOWN
1557742307098,0.18,STILL
1557742307098,0.16,IN_VEHICLE
1557742307098,0.14,ON_FOOT
1557742307098,0.14,WALKING
1557742307098,0.08,ON_BICYCLE
1557742307098,0.07,RUNNING
1557742322217,0.4,UNKNOWN
1557742322217,0.1,IN_VEHICLE
1557742322217,0.1,ON_BICYCLE
1557742322217,0.1,ON_FOOT
1557742322217,0.1,STILL
1557742322217,0.1,WALKING
1557742322217,0.1,RUNNING
1557742333139,0.4,UNKNOWN
1557742333139,0.1,IN_VEHICLE
1557742333139,0.1,ON_BICYCLE
1557742333139,0.1,ON_FOOT
1557742333139,0.1,STILL
1557742333139,0.1,WALKING
1557742333139,0.1,RUNNING
1557742356549,0.31,STILL
1557742356549,0.18,IN_VEHICLE
1557742356549,0.18,UNKNOWN
1557742356549,0.13,ON_FOOT
1557742356549,0.13,WALKING
1557742356549,0.05,ON_BICYCLE
1557742356549,0.04,RUNNING
1557742371645,0.6,STILL
1557742371645,0.18,ON_FOOT
1557742371645,0.18,WALKING
1557742371645,0.1,IN_VEHICLE
1557742371645,0.02,ON_BICYCLE
1557742371645,0.02,UNKNOWN
1557742386769,0.29,STILL
1557742386769,0.27,IN_VEHICLE
1557742386769,0.11,ON_FOOT
1557742386769,0.11,WALKING
1557742386769,0.03,ON_BICYCLE
1557742386769,0.03,UNKNOWN
1557742401852,0.27,UNKNOWN
1557742401852,0.19,IN_VEHICLE
1557742401852,0.19,STILL
1557742401852,0.1,ON_FOOT
1557742401852,0.1,WALKING
1557742401852,0.08,ON_BICYCLE
1557742401852,0.07,RUNNING
1557742414651,0.3,UNKNOWN
1557742414651,0.28,ON_FOOT
1557742414651,0.28,WALKING
1557742414651,0.1,STILL
1557742414651,0.09,IN_VEHICLE
1557742414651,0.08,ON_BICYCLE
1557742414651,0.08,RUNNING
1557742432798,0.4,UNKNOWN
1557742432798,0.1,IN_VEHICLE
1557742432798,0.1,ON_BICYCLE
1557742432798,0.1,ON_FOOT
1557742432798,0.1,STILL
1557742432798,0.1,WALKING
1557742432798,0.1,RUNNING
1557742440422,1.0,TILTING
1557742448045,0.92,STILL
1557742448045,0.04,IN_VEHICLE
1557742448045,0.02,ON_FOOT
1557742448045,0.02,WALKING
1557742448045,0.01,ON_BICYCLE
1557742448045,0.0,UNKNOWN
1557742463423,1.0,STILL
1557742493715,1.0,STILL
1557742508879,1.0,STILL
1557742524020,0.55,STILL
1557742524020,0.2,UNKNOWN
1557742524020,0.05,IN_VEHICLE
1557742524020,0.05,ON_BICYCLE
1557742524020,0.05,ON_FOOT
1557742524020,0.05,WALKING
1557742524020,0.05,RUNNING
1557742540048,0.98,ON_FOOT
1557742540048,0.98,WALKING
1557742540048,0.01,STILL
1557742540048,0.01,UNKNOWN
1557742555586,0.91,STILL
1557742555586,0.04,ON_FOOT
1557742555586,0.04,WALKING
1557742555586,0.02,IN_VEHICLE
1557742555586,0.01,ON_BICYCLE
1557742555586,0.01,UNKNOWN
1557742568166,1.0,STILL
1557742575715,1.0,TILTING
1557742583263,0.3,STILL
1557742583263,0.27,UNKNOWN
1557742583263,0.11,ON_FOOT
1557742583263,0.11,WALKING
1557742583263,0.1,IN_VEHICLE
1557742583263,0.08,ON_BICYCLE
1557742583263,0.07,RUNNING
1557742598472,0.33,STILL
1557742598472,0.3,ON_FOOT
1557742598472,0.3,WALKING
1557742598472,0.21,IN_VEHICLE
1557742598472,0.02,ON_BICYCLE
1557742598472,0.02,UNKNOWN
1557742621505,0.31,UNKNOWN
1557742621505,0.16,STILL
1557742621505,0.14,IN_VEHICLE
1557742621505,0.14,ON_FOOT
1557742621505,0.14,WALKING
1557742621505,0.09,ON_BICYCLE
1557742621505,0.08,RUNNING
1557742636653,0.6,STILL
1557742636653,0.19,IN_VEHICLE
1557742636653,0.1,ON_FOOT
1557742636653,0.1,WALKING
1557742636653,0.02,UNKNOWN
1557742636653,0.01,ON_BICYCLE
1557742651731,0.74,STILL
1557742651731,0.09,ON_FOOT
1557742651731,0.09,WALKING
1557742651731,0.07,IN_VEHICLE
1557742651731,0.02,ON_BICYCLE
1557742651731,0.02,UNKNOWN
1557742666773,0.82,STILL
1557742666773,0.05,IN_VEHICLE
1557742666773,0.05,ON_FOOT
1557742666773,0.05,WALKING
1557742666773,0.02,UNKNOWN
1557742666773,0.01,ON_BICYCLE
1557742681862,0.4,UNKNOWN
1557742681862,0.1,IN_VEHICLE
1557742681862,0.1,ON_BICYCLE
1557742681862,0.1,ON_FOOT
1557742681862,0.1,STILL
1557742681862,0.1,WALKING
1557742681862,0.1,RUNNING
1557742697015,0.88,STILL
1557742697015,0.05,IN_VEHICLE
1557742697015,0.03,ON_FOOT
1557742697015,0.03,WALKING
1557742697015,0.01,ON_BICYCLE
1557742697015,0.0,UNKNOWN
1557742704575,1.0,TILTING
1557742712135,0.32,STILL
1557742712135,0.25,ON_FOOT
1557742712135,0.25,WALKING
1557742712135,0.21,IN_VEHICLE
1557742712135,0.02,UNKNOWN
1557742712135,0.01,ON_BICYCLE
1557742727866,0.4,UNKNOWN
1557742727866,0.1,IN_VEHICLE
1557742727866,0.1,ON_BICYCLE
1557742727866,0.1,ON_FOOT
1557742727866,0.1,STILL
1557742727866,0.1,WALKING
1557742727866,0.1,RUNNING
1557742734181,0.4,UNKNOWN
1557742734181,0.1,IN_VEHICLE
1557742734181,0.1,ON_BICYCLE
1557742734181,0.1,ON_FOOT
1557742734181,0.1,STILL
1557742734181,0.1,WALKING
1557742734181,0.1,RUNNING
1557742752908,0.4,UNKNOWN
1557742752908,0.1,IN_VEHICLE
1557742752908,0.1,ON_BICYCLE
1557742752908,0.1,ON_FOOT
1557742752908,0.1,STILL
1557742752908,0.1,WALKING
1557742752908,0.1,RUNNING
1557742768555,0.5,STILL
1557742768555,0.17,ON_FOOT
1557742768555,0.17,WALKING
1557742768555,0.16,IN_VEHICLE
1557742768555,0.03,ON_BICYCLE
1557742768555,0.01,UNKNOWN
1557742783686,0.31,UNKNOWN
1557742783686,0.22,STILL
1557742783686,0.13,IN_VEHICLE
1557742783686,0.09,ON_FOOT
1557742783686,0.09,WALKING
1557742783686,0.08,ON_BICYCLE
1557742783686,0.08,RUNNING
1557742794649,0.31,UNKNOWN
1557742794649,0.25,STILL
1557742794649,0.11,IN_VEHICLE
1557742794649,0.09,ON_FOOT
1557742794649,0.09,WALKING
1557742794649,0.08,ON_BICYCLE
1557742794649,0.08,RUNNING
1557742814466,0.29,STILL
1557742814466,0.21,UNKNOWN
1557742814466,0.14,IN_VEHICLE
1557742814466,0.13,ON_FOOT
1557742814466,0.13,WALKING
1557742814466,0.07,ON_BICYCLE
1557742814466,0.05,RUNNING
1557742833763,0.31,UNKNOWN
1557742833763,0.15,STILL
1557742833763,0.14,IN_VEHICLE
1557742833763,0.13,ON_FOOT
1557742833763,0.13,WALKING
1557742833763,0.08,ON_BICYCLE
1557742833763,0.08,RUNNING
1557742850355,0.28,STILL
1557742850355,0.21,UNKNOWN
1557742850355,0.16,IN_VEHICLE
1557742850355,0.12,ON_FOOT
1557742850355,0.12,WALKING
1557742850355,0.06,ON_BICYCLE
1557742850355,0.05,RUNNING
1557742865454,0.33,STILL
1557742865454,0.28,ON_FOOT
1557742865454,0.28,WALKING
1557742865454,0.22,IN_VEHICLE
1557742865454,0.02,UNKNOWN
1557742865454,0.01,ON_BICYCLE
1557742880569,0.27,UNKNOWN
1557742880569,0.26,STILL
1557742880569,0.13,IN_VEHICLE
1557742880569,0.09,ON_FOOT
1557742880569,0.09,WALKING
1557742880569,0.07,ON_BICYCLE
1557742880569,0.07,RUNNING
1557742895665,0.31,UNKNOWN
1557742895665,0.15,STILL
1557742895665,0.14,IN_VEHICLE
1557742895665,0.14,ON_FOOT
1557742895665,0.14,WALKING
1557742895665,0.08,ON_BICYCLE
1557742895665,0.08,RUNNING
1557742910785,0.3,UNKNOWN
1557742910785,0.16,STILL
1557742910785,0.15,ON_FOOT
1557742910785,0.15,WALKING
1557742910785,0.12,IN_VEHICLE
1557742910785,0.08,ON_BICYCLE
1557742910785,0.08,RUNNING
1557742925944,0.28,STILL
1557742925944,0.21,UNKNOWN
1557742925944,0.16,IN_VEHICLE
1557742925944,0.12,ON_FOOT
1557742925944,0.12,WALKING
1557742925944,0.06,ON_BICYCLE
1557742925944,0.05,RUNNING
1557742941085,0.27,STILL
1557742941085,0.27,UNKNOWN
1557742941085,0.11,IN_VEHICLE
1557742941085,0.11,ON_FOOT
1557742941085,0.11,WALKING
1557742941085,0.08,ON_BICYCLE
1557742941085,0.07,RUNNING
1557742956203,0.38,STILL
1557742956203,0.25,ON_FOOT
1557742956203,0.25,WALKING
1557742956203,0.19,IN_VEHICLE
1557742956203,0.02,ON_BICYCLE
1557742956203,0.01,UNKNOWN
1557742971305,0.29,STILL
1557742971305,0.27,UNKNOWN
1557742971305,0.12,IN_VEHICLE
1557742971305,0.09,ON_FOOT
1557742971305,0.09,WALKING
1557742971305,0.07,ON_BICYCLE
1557742971305,0.07,RUNNING
1557742986401,0.62,STILL
1557742986401,0.16,IN_VEHICLE
1557742986401,0.09,ON_FOOT
1557742986401,0.09,WALKING
1557742986401,0.01,ON_BICYCLE
1557742986401,0.01,UNKNOWN
1557743001485,0.49,STILL
1557743001485,0.2,IN_VEHICLE
1557743001485,0.13,ON_FOOT
1557743001485,0.13,WALKING
1557743001485,0.02,ON_BICYCLE
1557743001485,0.02,UNKNOWN
1557743016624,0.47,STILL
1557743016624,0.25,ON_FOOT
1557743016624,0.25,WALKING
1557743016624,0.14,IN_VEHICLE
1557743016624,0.03,ON_BICYCLE
1557743016624,0.02,UNKNOWN
1557743024234,1.0,TILTING
1557743031844,0.33,ON_FOOT
1557743031844,0.33,WALKING
1557743031844,0.21,UNKNOWN
1557743031844,0.14,STILL
1557743031844,0.11,IN_VEHICLE
1557743031844,0.06,ON_BICYCLE
1557743031844,0.05,RUNNING
1557743040031,1.0,TILTING
1557743048217,0.48,ON_FOOT
1557743048217,0.48,WALKING
1557743048217,0.21,UNKNOWN
1557743048217,0.1,STILL
1557743048217,0.06,IN_VEHICLE
1557743048217,0.06,ON_BICYCLE
1557743048217,0.05,RUNNING
1557743056648,1.0,TILTING
1557743065079,0.52,ON_FOOT
1557743065079,0.52,WALKING
1557743065079,0.21,UNKNOWN
1557743065079,0.07,STILL
1557743065079,0.06,IN_VEHICLE
1557743065079,0.05,ON_BICYCLE
1557743065079,0.05,RUNNING
1557743080233,0.33,ON_FOOT
1557743080233,0.33,WALKING
1557743080233,0.27,UNKNOWN
1557743080233,0.09,STILL
1557743080233,0.08,IN_VEHICLE
1557743080233,0.08,ON_BICYCLE
1557743080233,0.08,RUNNING
1557743097196,0.4,UNKNOWN
1557743097196,0.1,IN_VEHICLE
1557743097196,0.1,ON_BICYCLE
1557743097196,0.1,ON_FOOT
1557743097196,0.1,STILL
1557743097196,0.1,WALKING
1557743097196,0.1,RUNNING
1557743112336,0.74,STILL
1557743112336,0.1,IN_VEHICLE
1557743112336,0.08,ON_FOOT
1557743112336,0.08,WALKING
1557743112336,0.02,UNKNOWN
1557743112336,0.01,ON_BICYCLE
1557743127485,0.29,STILL
1557743127485,0.21,UNKNOWN
1557743127485,0.18,IN_VEHICLE
1557743127485,0.1,ON_FOOT
1557743127485,0.1,WALKING
1557743127485,0.07,ON_BICYCLE
1557743127485,0.05,RUNNING
1557743142723,0.52,STILL
1557743142723,0.19,IN_VEHICLE
1557743142723,0.1,ON_FOOT
1557743142723,0.1,WALKING
1557743142723,0.03,UNKNOWN
1557743142723,0.01,ON_BICYCLE
1557743158332,0.37,STILL
1557743158332,0.32,ON_FOOT
1557743158332,0.32,WALKING
1557743158332,0.16,IN_VEHICLE
1557743158332,0.03,UNKNOWN
1557743158332,0.01,ON_BICYCLE
1557743173778,0.37,STILL
1557743173778,0.25,ON_FOOT
1557743173778,0.25,WALKING
1557743173778,0.24,IN_VEHICLE
1557743173778,0.03,UNKNOWN
1557743173778,0.02,ON_BICYCLE
1557743188909,0.47,STILL
1557743188909,0.2,IN_VEHICLE
1557743188909,0.14,ON_FOOT
1557743188909,0.14,WALKING
1557743188909,0.03,UNKNOWN
1557743188909,0.02,ON_BICYCLE
1557743204015,0.49,STILL
1557743204015,0.32,ON_FOOT
1557743204015,0.32,WALKING
1557743204015,0.08,IN_VEHICLE
1557743204015,0.02,ON_BICYCLE
1557743204015,0.02,UNKNOWN
1557743219230,0.4,UNKNOWN
1557743219230,0.1,IN_VEHICLE
1557743219230,0.1,ON_BICYCLE
1557743219230,0.1,ON_FOOT
1557743219230,0.1,STILL
1557743219230,0.1,WALKING
1557743219230,0.1,RUNNING
1557743229444,0.26,STILL
1557743229444,0.21,UNKNOWN
1557743229444,0.19,ON_FOOT
1557743229444,0.19,WALKING
1557743229444,0.14,IN_VEHICLE
1557743229444,0.06,ON_BICYCLE
1557743229444,0.05,RUNNING
1557743233983,0.26,STILL
1557743233983,0.24,IN_VEHICLE
1557743233983,0.22,ON_FOOT
1557743233983,0.22,WALKING
1557743233983,0.02,ON_BICYCLE
1557743233983,0.02,UNKNOWN
1557743249130,0.36,STILL
1557743249130,0.25,ON_FOOT
1557743249130,0.25,WALKING
1557743249130,0.21,IN_VEHICLE
1557743249130,0.02,ON_BICYCLE
1557743249130,0.01,UNKNOWN
1557743264196,0.28,UNKNOWN
1557743264196,0.17,STILL
1557743264196,0.14,IN_VEHICLE
1557743264196,0.14,ON_FOOT
1557743264196,0.14,WALKING
1557743264196,0.07,ON_BICYCLE
1557743264196,0.07,RUNNING
1557743278816,0.31,UNKNOWN
1557743278816,0.15,STILL
1557743278816,0.13,IN_VEHICLE
1557743278816,0.13,ON_FOOT
1557743278816,0.13,WALKING
1557743278816,0.09,ON_BICYCLE
1557743278816,0.08,RUNNING
1557743297340,0.31,UNKNOWN
1557743297340,0.27,STILL
1557743297340,0.09,IN_VEHICLE
1557743297340,0.09,ON_FOOT
1557743297340,0.09,WALKING
1557743297340,0.08,ON_BICYCLE
1557743297340,0.08,RUNNING
1557743321118,0.45,STILL
1557743321118,0.18,IN_VEHICLE
1557743321118,0.12,UNKNOWN
1557743321118,0.1,ON_FOOT
1557743321118,0.1,WALKING
1557743321118,0.05,ON_BICYCLE
1557743321118,0.03,RUNNING
1557743336220,0.37,STILL
1557743336220,0.21,UNKNOWN
1557743336220,0.13,ON_FOOT
1557743336220,0.13,WALKING
1557743336220,0.1,IN_VEHICLE
1557743336220,0.06,ON_BICYCLE
1557743336220,0.05,RUNNING
1557743354537,0.27,UNKNOWN
1557743354537,0.18,STILL
1557743354537,0.17,ON_FOOT
1557743354537,0.17,WALKING
1557743354537,0.14,IN_VEHICLE
1557743354537,0.08,ON_BICYCLE
1557743354537,0.07,RUNNING
1557743372035,0.31,UNKNOWN
1557743372035,0.16,STILL
1557743372035,0.15,ON_FOOT
1557743372035,0.15,WALKING
1557743372035,0.13,IN_VEHICLE
1557743372035,0.08,ON_BICYCLE
1557743372035,0.08,RUNNING
1557743398839,0.42,ON_FOOT
1557743398839,0.42,WALKING
1557743398839,0.17,UNKNOWN
1557743398839,0.15,STILL
1557743398839,0.09,IN_VEHICLE
1557743398839,0.05,ON_BICYCLE
1557743398839,0.04,RUNNING
1557743417518,0.4,UNKNOWN
1557743417518,0.1,IN_VEHICLE
1557743417518,0.1,ON_BICYCLE
1557743417518,0.1,ON_FOOT
1557743417518,0.1,STILL
1557743417518,0.1,WALKING
1557743417518,0.1,RUNNING
1557743436831,0.4,UNKNOWN
1557743436831,0.1,IN_VEHICLE
1557743436831,0.1,ON_BICYCLE
1557743436831,0.1,ON_FOOT
1557743436831,0.1,STILL
1557743436831,0.1,WALKING
1557743436831,0.1,RUNNING
1557743444087,0.4,UNKNOWN
1557743444087,0.1,IN_VEHICLE
1557743444087,0.1,ON_BICYCLE
1557743444087,0.1,ON_FOOT
1557743444087,0.1,STILL
1557743444087,0.1,WALKING
1557743444087,0.1,RUNNING
1557743465150,0.4,UNKNOWN
1557743465150,0.1,IN_VEHICLE
1557743465150,0.1,ON_BICYCLE
1557743465150,0.1,ON_FOOT
1557743465150,0.1,STILL
1557743465150,0.1,WALKING
1557743465150,0.1,RUNNING
1557743469312,0.4,UNKNOWN
1557743469312,0.1,IN_VEHICLE
1557743469312,0.1,ON_BICYCLE
1557743469312,0.1,ON_FOOT
1557743469312,0.1,STILL
1557743469312,0.1,WALKING
1557743469312,0.1,RUNNING
1557743498073,0.4,UNKNOWN
1557743498073,0.1,IN_VEHICLE
1557743498073,0.1,ON_BICYCLE
1557743498073,0.1,ON_FOOT
1557743498073,0.1,STILL
1557743498073,0.1,WALKING
1557743498073,0.1,RUNNING
1557743513205,0.4,UNKNOWN
1557743513205,0.1,IN_VEHICLE
1557743513205,0.1,ON_BICYCLE
1557743513205,0.1,ON_FOOT
1557743513205,0.1,STILL
1557743513205,0.1,WALKING
1557743513205,0.1,RUNNING
1557743520783,1.0,TILTING
1557743528360,0.29,ON_FOOT
1557743528360,0.29,WALKING
1557743528360,0.21,UNKNOWN
1557743528360,0.14,STILL
1557743528360,0.13,IN_VEHICLE
1557743528360,0.06,ON_BICYCLE
1557743528360,0.05,RUNNING
1557743534997,1.0,TILTING
1557743541634,0.4,UNKNOWN
1557743541634,0.1,IN_VEHICLE
1557743541634,0.1,ON_BICYCLE
1557743541634,0.1,ON_FOOT
1557743541634,0.1,STILL
1557743541634,0.1,WALKING
1557743541634,0.1,RUNNING
1557743549160,1.0,TILTING
1557743556685,0.29,ON_FOOT
1557743556685,0.29,WALKING
1557743556685,0.21,UNKNOWN
1557743556685,0.2,STILL
1557743556685,0.1,IN_VEHICLE
1557743556685,0.07,ON_BICYCLE
1557743556685,0.05,RUNNING
1557743564252,1.0,TILTING
1557743571818,1.0,STILL
1557743586997,1.0,STILL
1557743602144,1.0,STILL
1557743609716,1.0,TILTING
1557743617288,1.0,STILL
1557743632429,1.0,STILL
1557743647577,1.0,STILL
1557743662714,1.0,STILL
1557743677895,1.0,STILL
1557743693003,1.0,STILL
1557743708115,1.0,STILL
1557743723769,1.0,STILL
1557743738933,1.0,STILL
1557743754249,1.0,STILL
1557743769388,1.0,STILL
1557743784512,1.0,STILL
1557743799684,1.0,STILL
1557743814870,1.0,STILL
1557743830000,1.0,STILL
1557743845133,1.0,STILL
1557743867550,1.0,STILL
1557743882673,1.0,STILL
1557743897830,1.0,STILL
1557743912981,0.83,STILL
1557743912981,0.08,ON_FOOT
1557743912981,0.08,WALKING
1557743912981,0.04,IN_VEHICLE
1557743912981,0.02,ON_BICYCLE
1557743912981,0.01,UNKNOWN
1557743928132,0.97,STILL
1557743928132,0.02,UNKNOWN
1557743928132,0.01,IN_VEHICLE
1557743943289,1.0,STILL
1557743958389,1.0,STILL
1557743973502,1.0,STILL
1557743988636,1.0,STILL
1557744003766,1.0,STILL
1557744018892,1.0,STILL
1557744034103,1.0,STILL
1557744049362,1.0,STILL
1557744064483,1.0,STILL
1557751329215,0.93,ON_FOOT
1557751329215,0.93,WALKING
1557751329215,0.03,IN_VEHICLE
1557751329215,0.02,UNKNOWN
1557751329215,0.01,ON_BICYCLE
1557751329215,0.01,STILL
1557751329215,0.0,RUNNING
1557751339126,0.95,ON_FOOT
1557751339126,0.95,WALKING
1557751339126,0.03,UNKNOWN
1557751339126,0.02,STILL
1557751343557,0.99,ON_FOOT
1557751343557,0.99,WALKING
1557751343557,0.01,UNKNOWN
1557751348608,0.84,ON_FOOT
1557751348608,0.84,WALKING
1557751348608,0.08,STILL
1557751348608,0.03,IN_VEHICLE
1557751348608,0.02,UNKNOWN
1557751348608,0.01,ON_BICYCLE
1557751365646,0.31,UNKNOWN
1557751365646,0.15,IN_VEHICLE
1557751365646,0.15,STILL
1557751365646,0.13,ON_FOOT
1557751365646,0.13,WALKING
1557751365646,0.09,ON_BICYCLE
1557751365646,0.08,RUNNING
1557751378171,0.92,ON_FOOT
1557751378171,0.92,WALKING
1557751378171,0.03,UNKNOWN
1557751378171,0.02,IN_VEHICLE
1557751378171,0.02,STILL
1557751378171,0.01,ON_BICYCLE
1557751378171,0.01,RUNNING
1557751384105,0.85,ON_FOOT
1557751384105,0.85,WALKING
1557751384105,0.04,IN_VEHICLE
1557751384105,0.04,STILL
1557751384105,0.03,UNKNOWN
1557751384105,0.01,ON_BICYCLE
1557751394424,0.53,ON_FOOT
1557751394424,0.53,WALKING
1557751394424,0.22,UNKNOWN
1557751394424,0.06,RUNNING
1557751394424,0.05,IN_VEHICLE
1557751394424,0.05,ON_BICYCLE
1557751394424,0.05,STILL
1557751398944,1.0,ON_FOOT
1557751398944,1.0,WALKING
1557751404031,0.98,ON_FOOT
1557751404031,0.98,WALKING
1557751404031,0.02,UNKNOWN
1557751407531,0.99,ON_FOOT
1557751407531,0.99,WALKING
1557751407531,0.01,UNKNOWN
1557751411751,0.99,ON_FOOT
1557751411751,0.99,WALKING
1557751411751,0.01,UNKNOWN
1557751416239,0.98,ON_FOOT
1557751416239,0.98,WALKING
1557751416239,0.02,UNKNOWN
1557751420790,0.98,ON_FOOT
1557751420790,0.98,WALKING
1557751420790,0.02,UNKNOWN
1557751425363,0.99,ON_FOOT
1557751425363,0.99,WALKING
1557751425363,0.01,UNKNOWN
1557751429869,0.98,ON_FOOT
1557751429869,0.98,WALKING
1557751429869,0.02,UNKNOWN
1557751434404,0.99,ON_FOOT
1557751434404,0.99,WALKING
1557751434404,0.01,UNKNOWN
1557751438936,0.98,ON_FOOT
1557751438936,0.98,WALKING
1557751438936,0.02,UNKNOWN
1557751443409,0.95,ON_FOOT
1557751443409,0.95,WALKING
1557751443409,0.03,UNKNOWN
1557751443409,0.01,IN_VEHICLE
1557751443409,0.01,STILL
1557751451733,0.5,ON_FOOT
1557751451733,0.5,WALKING
1557751451733,0.21,UNKNOWN
1557751451733,0.07,IN_VEHICLE
1557751451733,0.06,ON_BICYCLE
1557751451733,0.06,STILL
1557751451733,0.05,RUNNING
1557751456266,0.96,ON_FOOT
1557751456266,0.96,WALKING
1557751456266,0.03,UNKNOWN
1557751456266,0.01,STILL
1557751460814,0.97,ON_FOOT
1557751460814,0.97,WALKING
1557751460814,0.02,UNKNOWN
1557751460814,0.01,RUNNING
1557751465328,0.99,ON_FOOT
1557751465328,0.99,WALKING
1557751465328,0.01,UNKNOWN
1557751469806,0.97,ON_FOOT
1557751469806,0.97,WALKING
1557751469806,0.02,UNKNOWN
1557751469806,0.01,RUNNING
1557751474297,0.98,ON_FOOT
1557751474297,0.98,WALKING
1557751474297,0.02,UNKNOWN
1557751478844,0.98,ON_FOOT
1557751478844,0.98,WALKING
1557751478844,0.02,UNKNOWN
1557751483453,0.98,ON_FOOT
1557751483453,0.98,WALKING
1557751483453,0.02,UNKNOWN
1557751487987,0.99,ON_FOOT
1557751487987,0.99,WALKING
1557751487987,0.01,UNKNOWN
1557751492522,0.98,ON_FOOT
1557751492522,0.98,WALKING
1557751492522,0.02,UNKNOWN
1557751497102,0.99,ON_FOOT
1557751497102,0.99,WALKING
1557751497102,0.01,UNKNOWN
1557751501587,0.99,ON_FOOT
1557751501587,0.99,WALKING
1557751501587,0.01,UNKNOWN
1557751506070,0.99,ON_FOOT
1557751506070,0.99,WALKING
1557751506070,0.01,UNKNOWN
1557751510575,0.99,ON_FOOT
1557751510575,0.99,WALKING
1557751510575,0.01,UNKNOWN
1557751515053,1.0,ON_FOOT
1557751515053,1.0,WALKING
1557751519559,0.99,ON_FOOT
1557751519559,0.99,WALKING
1557751519559,0.01,UNKNOWN
1557751524066,0.99,ON_FOOT
1557751524066,0.99,WALKING
1557751524066,0.01,UNKNOWN
1557751528570,0.99,ON_FOOT
1557751528570,0.99,WALKING
1557751528570,0.01,UNKNOWN
1557751533076,0.98,ON_FOOT
1557751533076,0.98,WALKING
1557751533076,0.02,UNKNOWN
1557751537592,0.98,ON_FOOT
1557751537592,0.98,WALKING
1557751537592,0.02,UNKNOWN
1557751542150,0.98,ON_FOOT
1557751542150,0.98,WALKING
1557751542150,0.02,UNKNOWN
1557751546671,0.96,ON_FOOT
1557751546671,0.96,WALKING
1557751546671,0.02,UNKNOWN
1557751546671,0.01,IN_VEHICLE
1557751546671,0.01,STILL
1557751551206,0.96,ON_FOOT
1557751551206,0.96,WALKING
1557751551206,0.03,UNKNOWN
1557751551206,0.01,STILL
1557751555744,0.77,ON_FOOT
1557751555744,0.77,WALKING
1557751555744,0.12,IN_VEHICLE
1557751555744,0.05,STILL
1557751555744,0.02,ON_BICYCLE
1557751555744,0.02,UNKNOWN
1557751567228,0.76,ON_FOOT
1557751567228,0.76,WALKING
1557751567228,0.07,STILL
1557751567228,0.06,IN_VEHICLE
1557751567228,0.02,ON_BICYCLE
1557751567228,0.02,UNKNOWN
1557751567228,0.01,RUNNING
1557751585095,0.32,ON_FOOT
1557751585095,0.32,WALKING
1557751585095,0.3,UNKNOWN
1557751585095,0.08,IN_VEHICLE
1557751585095,0.08,ON_BICYCLE
1557751585095,0.08,STILL
1557751585095,0.08,RUNNING
1557751589673,0.99,ON_FOOT
1557751589673,0.99,WALKING
1557751589673,0.01,UNKNOWN
1557751594227,0.98,ON_FOOT
1557751594227,0.98,WALKING
1557751594227,0.01,UNKNOWN
1557751594227,0.01,RUNNING
1557751598729,0.98,ON_FOOT
1557751598729,0.98,WALKING
1557751598729,0.01,UNKNOWN
1557751598729,0.01,RUNNING
1557751603462,0.98,ON_FOOT
1557751603462,0.98,WALKING
1557751603462,0.02,UNKNOWN
1557751607693,0.97,ON_FOOT
1557751607693,0.97,WALKING
1557751607693,0.03,UNKNOWN
1557751612244,0.99,ON_FOOT
1557751612244,0.99,WALKING
1557751612244,0.01,UNKNOWN
1557751616785,0.99,ON_FOOT
1557751616785,0.99,WALKING
1557751616785,0.01,UNKNOWN
1557751621312,0.99,ON_FOOT
1557751621312,0.99,WALKING
1557751621312,0.01,UNKNOWN
1557751625874,0.99,ON_FOOT
1557751625874,0.99,WALKING
1557751625874,0.01,UNKNOWN
1557751630397,0.99,ON_FOOT
1557751630397,0.99,WALKING
1557751630397,0.01,UNKNOWN
1557751634921,0.98,ON_FOOT
1557751634921,0.98,WALKING
1557751634921,0.02,UNKNOWN
1557751639505,0.99,ON_FOOT
1557751639505,0.99,WALKING
1557751639505,0.01,UNKNOWN
1557751644060,0.99,ON_FOOT
1557751644060,0.99,WALKING
1557751644060,0.01,UNKNOWN
1557751648621,0.99,ON_FOOT
1557751648621,0.99,WALKING
1557751648621,0.01,UNKNOWN
1557751653195,0.99,ON_FOOT
1557751653195,0.99,WALKING
1557751653195,0.01,UNKNOWN
1557751657765,1.0,ON_FOOT
1557751657765,1.0,WALKING
1557751662286,0.96,ON_FOOT
1557751662286,0.96,WALKING
1557751662286,0.02,STILL
1557751662286,0.01,IN_VEHICLE
1557751662286,0.01,UNKNOWN
1557751666816,0.98,ON_FOOT
1557751666816,0.98,WALKING
1557751666816,0.02,UNKNOWN
1557751671351,0.94,ON_FOOT
1557751671351,0.94,WALKING
1557751671351,0.02,UNKNOWN
1557751671351,0.01,IN_VEHICLE
1557751671351,0.01,ON_BICYCLE
1557751671351,0.01,STILL
1557751671351,0.01,RUNNING
1557751675892,0.95,ON_FOOT
1557751675892,0.95,WALKING
1557751675892,0.03,UNKNOWN
1557751675892,0.01,STILL
1557751675892,0.01,RUNNING
1557751680420,0.99,ON_FOOT
1557751680420,0.99,WALKING
1557751680420,0.01,UNKNOWN
1557751685008,0.99,ON_FOOT
1557751685008,0.99,WALKING
1557751685008,0.01,UNKNOWN
1557751687304,1.0,TILTING
1557751689599,0.83,ON_FOOT
1557751689599,0.83,WALKING
1557751689599,0.05,IN_VEHICLE
1557751689599,0.04,STILL
1557751689599,0.03,UNKNOWN
1557751689599,0.02,ON_BICYCLE
1557751689599,0.01,RUNNING
1557751694228,0.92,ON_FOOT
1557751694228,0.92,WALKING
1557751694228,0.02,IN_VEHICLE
1557751694228,0.02,STILL
1557751694228,0.02,UNKNOWN
1557751694228,0.01,ON_BICYCLE
1557751698782,0.98,ON_FOOT
1557751698782,0.98,WALKING
1557751698782,0.01,ON_BICYCLE
1557751698782,0.01,UNKNOWN
1557751703318,0.92,ON_FOOT
1557751703318,0.92,WALKING
1557751703318,0.02,IN_VEHICLE
1557751703318,0.02,STILL
1557751703318,0.02,UNKNOWN
1557751703318,0.01,ON_BICYCLE
1557751709757,0.94,ON_FOOT
1557751709757,0.94,WALKING
1557751709757,0.02,IN_VEHICLE
1557751709757,0.02,UNKNOWN
1557751709757,0.01,ON_BICYCLE
1557751709757,0.01,STILL
1557751714279,0.98,ON_FOOT
1557751714279,0.98,WALKING
1557751714279,0.02,UNKNOWN
1557751718836,0.92,ON_FOOT
1557751718836,0.92,WALKING
1557751718836,0.03,IN_VEHICLE
1557751718836,0.02,ON_BICYCLE
1557751718836,0.02,UNKNOWN
1557751718836,0.01,STILL
1557751721133,1.0,TILTING
1557751723429,0.93,ON_FOOT
1557751723429,0.93,WALKING
1557751723429,0.02,ON_BICYCLE
1557751723429,0.02,STILL
1557751723429,0.02,UNKNOWN
1557751723429,0.01,IN_VEHICLE
1557751725718,1.0,TILTING
1557751728006,0.96,ON_FOOT
1557751728006,0.96,WALKING
1557751728006,0.02,UNKNOWN
1557751728006,0.01,STILL
1557751728006,0.01,RUNNING
1557751732559,0.89,ON_FOOT
1557751732559,0.89,WALKING
1557751732559,0.04,ON_BICYCLE
1557751732559,0.03,RUNNING
1557751732559,0.02,STILL
1557751732559,0.02,UNKNOWN
1557751737091,0.82,ON_FOOT
1557751737091,0.82,WALKING
1557751737091,0.07,STILL
1557751737091,0.03,IN_VEHICLE
1557751737091,0.02,ON_BICYCLE
1557751737091,0.02,UNKNOWN
1557751737091,0.02,RUNNING
1557751741619,0.97,ON_FOOT
1557751741619,0.97,WALKING
1557751741619,0.02,UNKNOWN
1557751741619,0.01,STILL
1557751746119,0.99,ON_FOOT
1557751746119,0.99,WALKING
1557751746119,0.01,UNKNOWN
1557751750615,1.0,ON_FOOT
1557751750615,1.0,WALKING
1557751755138,0.99,ON_FOOT
1557751755138,0.99,WALKING
1557751755138,0.01,UNKNOWN
1557751759649,0.99,ON_FOOT
1557751759649,0.99,WALKING
1557751759649,0.01,UNKNOWN
1557751764172,0.99,ON_FOOT
1557751764172,0.99,WALKING
1557751764172,0.01,UNKNOWN
1557751768653,1.0,ON_FOOT
1557751768653,1.0,WALKING
1557751773126,0.93,ON_FOOT
1557751773126,0.93,WALKING
1557751773126,0.02,ON_BICYCLE
1557751773126,0.02,UNKNOWN
1557751773126,0.02,RUNNING
1557751773126,0.01,STILL
1557751775376,1.0,TILTING
1557751777625,0.99,ON_FOOT
1557751777625,0.99,WALKING
1557751777625,0.01,UNKNOWN
1557751783231,0.97,ON_FOOT
1557751783231,0.97,WALKING
1557751783231,0.02,UNKNOWN
1557751783231,0.01,ON_BICYCLE
1557751787547,1.0,TILTING
1557751791863,0.55,ON_FOOT
1557751791863,0.55,WALKING
1557751791863,0.21,UNKNOWN
1557751791863,0.05,IN_VEHICLE
1557751791863,0.05,ON_BICYCLE
1557751791863,0.05,STILL
1557751791863,0.05,RUNNING
1557751796430,0.99,ON_FOOT
1557751796430,0.99,WALKING
1557751796430,0.01,UNKNOWN
1557751800936,0.97,ON_FOOT
1557751800936,0.97,WALKING
1557751800936,0.02,UNKNOWN
1557751800936,0.01,RUNNING
1557751806054,1.0,ON_FOOT
1557751806054,1.0,WALKING
1557751810585,0.97,ON_FOOT
1557751810585,0.97,WALKING
1557751810585,0.02,UNKNOWN
1557751810585,0.01,ON_BICYCLE
1557751815108,0.99,ON_FOOT
1557751815108,0.99,WALKING
1557751815108,0.01,UNKNOWN
1557751819627,1.0,ON_FOOT
1557751819627,1.0,WALKING
1557751824181,0.98,ON_FOOT
1557751824181,0.98,WALKING
1557751824181,0.02,UNKNOWN
1557751828744,0.99,ON_FOOT
1557751828744,0.99,WALKING
1557751828744,0.01,UNKNOWN
1557751833382,0.98,ON_FOOT
1557751833382,0.98,WALKING
1557751833382,0.01,ON_BICYCLE
1557751833382,0.01,UNKNOWN
1557751837146,0.92,ON_FOOT
1557751837146,0.92,WALKING
1557751837146,0.02,ON_BICYCLE
1557751837146,0.02,STILL
1557751837146,0.02,UNKNOWN
1557751837146,0.01,IN_VEHICLE
1557751837146,0.01,RUNNING
1557751842241,0.99,ON_FOOT
1557751842241,0.99,WALKING
1557751842241,0.01,UNKNOWN
1557751846721,0.97,ON_FOOT
1557751846721,0.97,WALKING
1557751846721,0.02,UNKNOWN
1557751846721,0.01,STILL
1557751851216,0.98,ON_FOOT
1557751851216,0.98,WALKING
1557751851216,0.02,UNKNOWN
1557751855767,0.98,ON_FOOT
1557751855767,0.98,WALKING
1557751855767,0.01,STILL
1557751855767,0.01,UNKNOWN
1557751860284,0.88,ON_FOOT
1557751860284,0.88,WALKING
1557751860284,0.06,STILL
1557751860284,0.02,IN_VEHICLE
1557751860284,0.02,UNKNOWN
1557751860284,0.01,ON_BICYCLE
1557751864821,0.92,ON_FOOT
1557751864821,0.92,WALKING
1557751864821,0.02,IN_VEHICLE
1557751864821,0.02,STILL
1557751864821,0.02,UNKNOWN
1557751864821,0.01,ON_BICYCLE
1557751869346,0.78,ON_FOOT
1557751869346,0.78,WALKING
1557751869346,0.09,STILL
1557751869346,0.05,IN_VEHICLE
1557751869346,0.02,UNKNOWN
1557751869346,0.01,ON_BICYCLE
1557751874016,0.86,ON_FOOT
1557751874016,0.86,WALKING
1557751874016,0.07,STILL
1557751874016,0.02,IN_VEHICLE
1557751874016,0.02,ON_BICYCLE
1557751874016,0.01,UNKNOWN
1557751874016,0.01,RUNNING
1557751877535,0.98,ON_FOOT
1557751877535,0.98,WALKING
1557751877535,0.02,UNKNOWN
1557751882434,1.0,ON_FOOT
1557751882434,1.0,WALKING
1557751892376,0.99,ON_FOOT
1557751892376,0.99,WALKING
1557751892376,0.01,UNKNOWN
1557751913182,0.73,ON_FOOT
1557751913182,0.73,WALKING
1557751913182,0.13,STILL
1557751913182,0.07,IN_VEHICLE
1557751913182,0.01,ON_BICYCLE
1557751913182,0.01,UNKNOWN
1557751917793,0.96,ON_FOOT
1557751917793,0.96,WALKING
1557751917793,0.01,IN_VEHICLE
1557751917793,0.01,ON_BICYCLE
1557751917793,0.01,STILL
1557751917793,0.01,UNKNOWN
1557751924050,0.95,ON_FOOT
1557751924050,0.95,WALKING
1557751924050,0.02,STILL
1557751924050,0.02,UNKNOWN
1557751924050,0.01,ON_BICYCLE
1557751929881,0.88,ON_FOOT
1557751929881,0.88,WALKING
1557751929881,0.06,STILL
1557751929881,0.02,IN_VEHICLE
1557751929881,0.02,UNKNOWN
1557751929881,0.01,ON_BICYCLE
1557751947499,0.28,ON_FOOT
1557751947499,0.28,WALKING
1557751947499,0.21,UNKNOWN
1557751947499,0.17,STILL
1557751947499,0.15,IN_VEHICLE
1557751947499,0.07,ON_BICYCLE
1557751947499,0.05,RUNNING
1557751963938,0.4,UNKNOWN
1557751963938,0.1,IN_VEHICLE
1557751963938,0.1,ON_BICYCLE
1557751963938,0.1,ON_FOOT
1557751963938,0.1,STILL
1557751963938,0.1,WALKING
1557751963938,0.1,RUNNING
1557751978978,0.42,STILL
1557751978978,0.21,ON_FOOT
1557751978978,0.21,WALKING
1557751978978,0.19,IN_VEHICLE
1557751978978,0.04,ON_BICYCLE
1557751978978,0.03,UNKNOWN
1557751994057,0.58,STILL
1557751994057,0.24,IN_VEHICLE
1557751994057,0.03,ON_FOOT
1557751994057,0.03,WALKING
1557751994057,0.01,ON_BICYCLE
1557751994057,0.01,UNKNOWN
1557752009119,0.38,STILL
1557752009119,0.31,IN_VEHICLE
1557752009119,0.11,ON_FOOT
1557752009119,0.11,WALKING
1557752009119,0.02,UNKNOWN
1557752009119,0.01,ON_BICYCLE
1557752024243,0.51,STILL
1557752024243,0.17,IN_VEHICLE
1557752024243,0.15,ON_FOOT
1557752024243,0.15,WALKING
1557752024243,0.02,ON_BICYCLE
1557752024243,0.02,UNKNOWN
1557752039406,0.37,STILL
1557752039406,0.34,ON_FOOT
1557752039406,0.34,WALKING
1557752039406,0.15,IN_VEHICLE
1557752039406,0.02,ON_BICYCLE
1557752039406,0.02,UNKNOWN
1557752047019,1.0,TILTING
1557752054631,0.37,STILL
1557752054631,0.23,ON_FOOT
1557752054631,0.23,WALKING
1557752054631,0.18,IN_VEHICLE
1557752054631,0.02,ON_BICYCLE
1557752054631,0.02,UNKNOWN
1557752062225,1.0,TILTING
1557752069819,0.31,UNKNOWN
1557752069819,0.14,ON_FOOT
1557752069819,0.14,STILL
1557752069819,0.14,WALKING
1557752069819,0.13,ON_BICYCLE
1557752069819,0.12,IN_VEHICLE
1557752069819,0.08,RUNNING
1557752077420,1.0,TILTING
1557752085021,0.77,STILL
1557752085021,0.12,IN_VEHICLE
1557752085021,0.06,ON_FOOT
1557752085021,0.06,WALKING
1557752085021,0.02,ON_BICYCLE
1557752085021,0.01,UNKNOWN
1557752092603,1.0,TILTING
1557752100184,0.5,STILL
1557752100184,0.22,IN_VEHICLE
1557752100184,0.09,ON_FOOT
1557752100184,0.09,WALKING
1557752100184,0.03,UNKNOWN
1557752100184,0.02,ON_BICYCLE
1557752107692,1.0,TILTING
1557752115199,0.97,ON_FOOT
1557752115199,0.97,WALKING
1557752115199,0.01,ON_BICYCLE
1557752115199,0.01,STILL
1557752115199,0.01,UNKNOWN
1557752129021,0.96,ON_FOOT
1557752129021,0.96,WALKING
1557752129021,0.02,STILL
1557752129021,0.02,UNKNOWN
1557752144040,0.51,ON_FOOT
1557752144040,0.43,WALKING
1557752144040,0.31,RUNNING
1557752144040,0.12,UNKNOWN
1557752144040,0.04,IN_VEHICLE
1557752144040,0.04,ON_BICYCLE
1557752144040,0.04,STILL
1557752159316,0.76,ON_FOOT
1557752159316,0.76,WALKING
1557752159316,0.16,STILL
1557752159316,0.04,RUNNING
1557752159316,0.03,UNKNOWN
1557752159316,0.01,ON_BICYCLE
1557752172868,0.95,ON_FOOT
1557752172868,0.95,WALKING
1557752172868,0.03,ON_BICYCLE
1557752172868,0.01,UNKNOWN
1557752172868,0.01,RUNNING
1557752186474,0.84,ON_FOOT
1557752186474,0.84,WALKING
1557752186474,0.09,STILL
1557752186474,0.02,IN_VEHICLE
1557752186474,0.02,UNKNOWN
1557752186474,0.01,ON_BICYCLE
1557752186474,0.01,RUNNING
1557752194397,1.0,TILTING
1557752202320,0.23,ON_BICYCLE
1557752202320,0.21,UNKNOWN
1557752202320,0.2,STILL
1557752202320,0.15,ON_FOOT
1557752202320,0.15,WALKING
1557752202320,0.09,IN_VEHICLE
1557752202320,0.05,RUNNING
1557752217548,0.27,IN_VEHICLE
1557752217548,0.27,ON_FOOT
1557752217548,0.27,WALKING
1557752217548,0.22,STILL
1557752217548,0.11,UNKNOWN
1557752217548,0.06,ON_BICYCLE
1557752217548,0.03,RUNNING
1557752232652,0.4,UNKNOWN
1557752232652,0.1,IN_VEHICLE
1557752232652,0.1,ON_BICYCLE
1557752232652,0.1,ON_FOOT
1557752232652,0.1,STILL
1557752232652,0.1,WALKING
1557752232652,0.1,RUNNING
1557752247741,0.31,UNKNOWN
1557752247741,0.19,STILL
1557752247741,0.17,ON_FOOT
1557752247741,0.17,WALKING
1557752247741,0.09,IN_VEHICLE
1557752247741,0.09,ON_BICYCLE
1557752247741,0.08,RUNNING
1557752255554,1.0,TILTING
1557752263366,0.55,ON_FOOT
1557752263366,0.55,WALKING
1557752263366,0.14,STILL
1557752263366,0.11,UNKNOWN
1557752263366,0.07,RUNNING
1557752263366,0.05,ON_BICYCLE
1557752263366,0.04,IN_VEHICLE
1557752271034,1.0,TILTING
1557752278701,0.4,UNKNOWN
1557752278701,0.1,IN_VEHICLE
1557752278701,0.1,ON_BICYCLE
1557752278701,0.1,ON_FOOT
1557752278701,0.1,STILL
1557752278701,0.1,WALKING
1557752278701,0.1,RUNNING
1557752293976,0.94,ON_FOOT
1557752293976,0.94,WALKING
1557752293976,0.03,STILL
1557752293976,0.02,UNKNOWN
1557752293976,0.01,RUNNING
1557752307729,0.95,ON_FOOT
1557752307729,0.95,WALKING
1557752307729,0.03,STILL
1557752307729,0.02,UNKNOWN
1557752323317,0.79,ON_FOOT
1557752323317,0.79,WALKING
1557752323317,0.14,RUNNING
1557752323317,0.03,STILL
1557752323317,0.02,ON_BICYCLE
1557752323317,0.01,IN_VEHICLE
1557752323317,0.01,UNKNOWN
1557752331116,1.0,TILTING
1557752338914,0.43,ON_FOOT
1557752338914,0.43,WALKING
1557752338914,0.21,UNKNOWN
1557752338914,0.11,STILL
1557752338914,0.07,IN_VEHICLE
1557752338914,0.07,ON_BICYCLE
1557752338914,0.06,RUNNING
1557752345740,1.0,TILTING
1557752352565,0.4,UNKNOWN
1557752352565,0.1,IN_VEHICLE
1557752352565,0.1,ON_BICYCLE
1557752352565,0.1,ON_FOOT
1557752352565,0.1,STILL
1557752352565,0.1,WALKING
1557752352565,0.1,RUNNING
1557752360318,1.0,TILTING
1557752368071,0.44,ON_FOOT
1557752368071,0.44,WALKING
1557752368071,0.25,UNKNOWN
1557752368071,0.06,IN_VEHICLE
1557752368071,0.06,ON_BICYCLE
1557752368071,0.06,STILL
1557752368071,0.06,RUNNING
1557752378763,0.4,UNKNOWN
1557752378763,0.1,IN_VEHICLE
1557752378763,0.1,ON_BICYCLE
1557752378763,0.1,ON_FOOT
1557752378763,0.1,STILL
1557752378763,0.1,WALKING
1557752378763,0.1,RUNNING
1557752397353,0.73,ON_FOOT
1557752397353,0.73,WALKING
1557752397353,0.11,UNKNOWN
1557752397353,0.04,IN_VEHICLE
1557752397353,0.04,STILL
1557752397353,0.03,ON_BICYCLE
1557752397353,0.03,RUNNING
1557752402236,0.99,ON_FOOT
1557752402236,0.99,WALKING
1557752402236,0.01,UNKNOWN
1557752406820,0.97,ON_FOOT
1557752406820,0.97,WALKING
1557752406820,0.02,UNKNOWN
1557752406820,0.01,ON_BICYCLE
1557752410376,0.99,ON_FOOT
1557752410376,0.99,WALKING
1557752410376,0.01,UNKNOWN
1557752415111,0.97,ON_FOOT
1557752415111,0.97,WALKING
1557752415111,0.03,UNKNOWN
1557752417396,1.0,TILTING
1557752419681,0.96,ON_FOOT
1557752419681,0.96,WALKING
1557752419681,0.02,STILL
1557752419681,0.02,UNKNOWN
1557752427319,1.0,TILTING
1557752434957,0.92,ON_FOOT
1557752434957,0.92,WALKING
1557752434957,0.04,STILL
1557752434957,0.02,UNKNOWN
1557752434957,0.01,IN_VEHICLE
1557752434957,0.01,ON_BICYCLE
1557752447833,0.78,ON_FOOT
1557752447833,0.78,WALKING
1557752447833,0.07,STILL
1557752447833,0.06,IN_VEHICLE
1557752447833,0.03,ON_BICYCLE
1557752447833,0.03,RUNNING
1557752462704,0.74,STILL
1557752462704,0.11,UNKNOWN
1557752462704,0.05,ON_FOOT
1557752462704,0.05,WALKING
1557752462704,0.03,IN_VEHICLE
1557752462704,0.03,ON_BICYCLE
1557752462704,0.03,RUNNING
1557752477870,0.45,STILL
1557752477870,0.21,UNKNOWN
1557752477870,0.09,IN_VEHICLE
1557752477870,0.09,ON_FOOT
1557752477870,0.09,WALKING
1557752477870,0.07,ON_BICYCLE
1557752477870,0.05,RUNNING
1557752492993,0.45,STILL
1557752492993,0.2,IN_VEHICLE
1557752492993,0.17,ON_FOOT
1557752492993,0.17,WALKING
1557752492993,0.03,ON_BICYCLE
1557752492993,0.01,UNKNOWN
1557752508145,0.32,STILL
1557752508145,0.21,UNKNOWN
1557752508145,0.16,IN_VEHICLE
1557752508145,0.06,ON_BICYCLE
1557752508145,0.06,ON_FOOT
1557752508145,0.06,WALKING
1557752508145,0.05,RUNNING
1557752523231,0.53,STILL
1557752523231,0.22,IN_VEHICLE
1557752523231,0.02,ON_FOOT
1557752523231,0.02,UNKNOWN
1557752523231,0.02,WALKING
1557752523231,0.01,ON_BICYCLE
1557752539538,0.59,STILL
1557752539538,0.19,IN_VEHICLE
1557752539538,0.08,ON_FOOT
1557752539538,0.08,WALKING
1557752539538,0.04,ON_BICYCLE
1557752539538,0.01,UNKNOWN
1557752547791,1.0,TILTING
1557752556043,0.99,STILL
1557752556043,0.01,UNKNOWN
1557752571211,0.85,STILL
1557752571211,0.05,ON_FOOT
1557752571211,0.05,WALKING
1557752571211,0.04,IN_VEHICLE
1557752571211,0.03,ON_BICYCLE
1557752571211,0.02,UNKNOWN
1557752586335,1.0,STILL
1557752601471,1.0,STILL
1557752616605,0.9,STILL
1557752616605,0.04,IN_VEHICLE
1557752616605,0.03,ON_FOOT
1557752616605,0.03,WALKING
1557752616605,0.01,ON_BICYCLE
1557752616605,0.01,UNKNOWN
1557752631793,0.97,STILL
1557752631793,0.02,UNKNOWN
1557752631793,0.01,ON_BICYCLE
1557752646941,0.99,STILL
1557752646941,0.01,UNKNOWN
1557752662061,1.0,STILL
1557752677203,1.0,STILL
1557752692302,1.0,STILL
1557752707433,1.0,STILL
1557752722521,0.97,STILL
1557752722521,0.02,UNKNOWN
1557752722521,0.01,ON_FOOT
1557752722521,0.01,WALKING
1557752737624,1.0,STILL
1557752752796,1.0,STILL
1557752770133,1.0,STILL
1557752785192,0.31,UNKNOWN
1557752785192,0.29,STILL
1557752785192,0.11,ON_FOOT
1557752785192,0.11,WALKING
1557752785192,0.08,IN_VEHICLE
1557752785192,0.08,ON_BICYCLE
1557752785192,0.08,RUNNING
1557752800284,0.29,STILL
1557752800284,0.21,UNKNOWN
1557752800284,0.15,IN_VEHICLE
1557752800284,0.13,ON_FOOT
1557752800284,0.13,WALKING
1557752800284,0.07,ON_BICYCLE
1557752800284,0.05,RUNNING
1557752815401,1.0,STILL
1557752830556,1.0,STILL
1557752845686,1.0,STILL
1557752860845,1.0,STILL
1557752876080,1.0,STILL
1557752891239,1.0,STILL
1557752906377,1.0,STILL
1557752921529,1.0,STILL
1557752936748,1.0,STILL
1557752951915,1.0,STILL
1557752966998,1.0,STILL
1557752982116,1.0,STILL
1557752997222,1.0,STILL
1557753012409,1.0,STILL
1557753027553,1.0,STILL
1557753042654,1.0,STILL
1557753057829,1.0,STILL
1557753072764,1.0,STILL
1557753087971,0.27,UNKNOWN
1557753087971,0.18,STILL
1557753087971,0.15,IN_VEHICLE
1557753087971,0.15,ON_FOOT
1557753087971,0.15,WALKING
1557753087971,0.08,ON_BICYCLE
1557753087971,0.07,RUNNING
1557753103190,0.31,STILL
1557753103190,0.21,UNKNOWN
1557753103190,0.18,IN_VEHICLE
1557753103190,0.11,ON_FOOT
1557753103190,0.11,WALKING
1557753103190,0.06,ON_BICYCLE
1557753103190,0.05,RUNNING
1557753118483,0.24,STILL
1557753118483,0.22,IN_VEHICLE
1557753118483,0.21,UNKNOWN
1557753118483,0.08,ON_FOOT
1557753118483,0.08,WALKING
1557753118483,0.06,ON_BICYCLE
1557753118483,0.05,RUNNING
1557753133712,1.0,STILL
1557753148865,1.0,STILL
1557753165336,1.0,STILL
1557753180452,1.0,STILL
1557753195526,0.41,STILL
1557753195526,0.3,IN_VEHICLE
1557753195526,0.17,ON_FOOT
1557753195526,0.17,WALKING
1557753195526,0.03,ON_BICYCLE
1557753195526,0.03,UNKNOWN
1557753210610,0.31,STILL
1557753210610,0.28,IN_VEHICLE
1557753210610,0.28,ON_FOOT
1557753210610,0.28,WALKING
1557753210610,0.03,ON_BICYCLE
1557753210610,0.02,UNKNOWN
1557753225666,0.4,UNKNOWN
1557753225666,0.1,IN_VEHICLE
1557753225666,0.1,ON_BICYCLE
1557753225666,0.1,ON_FOOT
1557753225666,0.1,STILL
1557753225666,0.1,WALKING
1557753225666,0.1,RUNNING
1557753240833,0.3,STILL
1557753240833,0.21,UNKNOWN
1557753240833,0.16,IN_VEHICLE
1557753240833,0.14,ON_FOOT
1557753240833,0.14,WALKING
1557753240833,0.06,ON_BICYCLE
1557753240833,0.05,RUNNING
1557753255921,0.31,STILL
1557753255921,0.21,UNKNOWN
1557753255921,0.18,IN_VEHICLE
1557753255921,0.07,ON_FOOT
1557753255921,0.07,WALKING
1557753255921,0.06,ON_BICYCLE
1557753255921,0.05,RUNNING
1557753271075,0.21,UNKNOWN
1557753271075,0.2,STILL
1557753271075,0.19,IN_VEHICLE
1557753271075,0.18,ON_FOOT
1557753271075,0.18,WALKING
1557753271075,0.08,ON_BICYCLE
1557753271075,0.06,RUNNING
1557753286353,0.3,IN_VEHICLE
1557753286353,0.21,UNKNOWN
1557753286353,0.16,STILL
1557753286353,0.09,ON_FOOT
1557753286353,0.09,WALKING
1557753286353,0.06,ON_BICYCLE
1557753286353,0.05,RUNNING
1557753300376,0.31,UNKNOWN
1557753300376,0.15,STILL
1557753300376,0.14,IN_VEHICLE
1557753300376,0.14,ON_FOOT
1557753300376,0.14,WALKING
1557753300376,0.09,ON_BICYCLE
1557753300376,0.08,RUNNING
1557753315520,0.4,UNKNOWN
1557753315520,0.1,IN_VEHICLE
1557753315520,0.1,ON_BICYCLE
1557753315520,0.1,ON_FOOT
1557753315520,0.1,STILL
1557753315520,0.1,WALKING
1557753315520,0.1,RUNNING
1557753329187,0.3,UNKNOWN
1557753329187,0.27,IN_VEHICLE
1557753329187,0.08,ON_BICYCLE
1557753329187,0.08,ON_FOOT
1557753329187,0.08,STILL
1557753329187,0.08,WALKING
1557753329187,0.08,RUNNING
1557753344820,0.4,UNKNOWN
1557753344820,0.1,IN_VEHICLE
1557753344820,0.1,ON_BICYCLE
1557753344820,0.1,ON_FOOT
1557753344820,0.1,STILL
1557753344820,0.1,WALKING
1557753344820,0.1,RUNNING
1557753360079,0.31,UNKNOWN
1557753360079,0.19,STILL
1557753360079,0.15,IN_VEHICLE
1557753360079,0.09,ON_FOOT
1557753360079,0.09,WALKING
1557753360079,0.08,ON_BICYCLE
1557753360079,0.08,RUNNING
1557753375256,0.43,STILL
1557753375256,0.18,IN_VEHICLE
1557753375256,0.11,UNKNOWN
1557753375256,0.07,ON_FOOT
1557753375256,0.07,WALKING
1557753375256,0.06,ON_BICYCLE
1557753375256,0.03,RUNNING
1557753390438,0.22,STILL
1557753390438,0.22,UNKNOWN
1557753390438,0.2,IN_VEHICLE
1557753390438,0.12,ON_FOOT
1557753390438,0.12,WALKING
1557753390438,0.07,ON_BICYCLE
1557753390438,0.05,RUNNING
1557753405686,0.23,STILL
1557753405686,0.21,IN_VEHICLE
1557753405686,0.21,UNKNOWN
1557753405686,0.08,ON_BICYCLE
1557753405686,0.08,ON_FOOT
1557753405686,0.08,WALKING
1557753405686,0.05,RUNNING
1557753416326,0.27,UNKNOWN
1557753416326,0.26,STILL
1557753416326,0.12,IN_VEHICLE
1557753416326,0.09,ON_FOOT
1557753416326,0.09,WALKING
1557753416326,0.08,ON_BICYCLE
1557753416326,0.07,RUNNING
1557753431417,0.31,UNKNOWN
1557753431417,0.21,STILL
1557753431417,0.14,IN_VEHICLE
1557753431417,0.09,ON_FOOT
1557753431417,0.09,WALKING
1557753431417,0.08,ON_BICYCLE
1557753431417,0.08,RUNNING
1557753446533,0.25,UNKNOWN
1557753446533,0.22,STILL
1557753446533,0.18,IN_VEHICLE
1557753446533,0.1,ON_FOOT
1557753446533,0.1,WALKING
1557753446533,0.08,ON_BICYCLE
1557753446533,0.06,RUNNING
1557753461636,0.4,UNKNOWN
1557753461636,0.1,IN_VEHICLE
1557753461636,0.1,ON_BICYCLE
1557753461636,0.1,ON_FOOT
1557753461636,0.1,STILL
1557753461636,0.1,WALKING
1557753461636,0.1,RUNNING
1557753466730,0.4,UNKNOWN
1557753466730,0.1,IN_VEHICLE
1557753466730,0.1,ON_BICYCLE
1557753466730,0.1,ON_FOOT
1557753466730,0.1,STILL
1557753466730,0.1,WALKING
1557753466730,0.1,RUNNING
1557753486786,0.4,UNKNOWN
1557753486786,0.1,IN_VEHICLE
1557753486786,0.1,ON_BICYCLE
1557753486786,0.1,ON_FOOT
1557753486786,0.1,STILL
1557753486786,0.1,WALKING
1557753486786,0.1,RUNNING
1557753501973,0.62,STILL
1557753501973,0.17,IN_VEHICLE
1557753501973,0.07,ON_FOOT
1557753501973,0.07,WALKING
1557753501973,0.01,ON_BICYCLE
1557753501973,0.01,UNKNOWN
1557753509575,1.0,TILTING
1557753517176,0.27,UNKNOWN
1557753517176,0.25,STILL
1557753517176,0.13,IN_VEHICLE
1557753517176,0.1,ON_FOOT
1557753517176,0.1,WALKING
1557753517176,0.07,ON_BICYCLE
1557753517176,0.07,RUNNING
1557753529549,0.4,UNKNOWN
1557753529549,0.1,IN_VEHICLE
1557753529549,0.1,ON_BICYCLE
1557753529549,0.1,ON_FOOT
1557753529549,0.1,STILL
1557753529549,0.1,WALKING
1557753529549,0.1,RUNNING
1557753544807,0.4,UNKNOWN
1557753544807,0.1,IN_VEHICLE
1557753544807,0.1,ON_BICYCLE
1557753544807,0.1,ON_FOOT
1557753544807,0.1,STILL
1557753544807,0.1,WALKING
1557753544807,0.1,RUNNING
1557753559919,0.5,UNKNOWN
1557753559919,0.19,ON_BICYCLE
1557753559919,0.05,STILL
1557753559919,0.04,IN_VEHICLE
1557753559919,0.04,ON_FOOT
1557753559919,0.04,WALKING
1557753559919,0.03,RUNNING
1557753575030,0.31,UNKNOWN
1557753575030,0.3,ON_BICYCLE
1557753575030,0.09,IN_VEHICLE
1557753575030,0.08,ON_FOOT
1557753575030,0.08,STILL
1557753575030,0.08,WALKING
1557753575030,0.08,RUNNING
1557753590175,0.5,UNKNOWN
1557753590175,0.1,ON_BICYCLE
1557753590175,0.08,STILL
1557753590175,0.06,ON_FOOT
1557753590175,0.06,WALKING
1557753590175,0.04,IN_VEHICLE
1557753590175,0.02,RUNNING
1557753605281,0.5,UNKNOWN
1557753605281,0.19,ON_BICYCLE
1557753605281,0.06,ON_FOOT
1557753605281,0.06,WALKING
1557753605281,0.04,STILL
1557753605281,0.03,IN_VEHICLE
1557753605281,0.02,RUNNING
1557753612860,1.0,TILTING
1557753620439,0.98,STILL
1557753620439,0.01,ON_FOOT
1557753620439,0.01,WALKING
1557753620439,0.0,IN_VEHICLE
1557753620439,0.0,ON_BICYCLE
1557753620439,0.0,UNKNOWN
1557753636048,1.0,STILL
1557753651169,1.0,STILL
1557753666339,1.0,STILL
1557753681457,1.0,STILL
1557753696602,1.0,STILL
1557753711729,0.7,STILL
1557753711729,0.14,IN_VEHICLE
1557753711729,0.05,ON_FOOT
1557753711729,0.05,WALKING
1557753711729,0.02,ON_BICYCLE
1557753711729,0.01,UNKNOWN
1557753726847,0.55,STILL
1557753726847,0.2,IN_VEHICLE
1557753726847,0.09,UNKNOWN
1557753726847,0.05,ON_FOOT
1557753726847,0.05,WALKING
1557753726847,0.03,ON_BICYCLE
1557753726847,0.02,RUNNING
1557753741965,0.3,STILL
1557753741965,0.21,UNKNOWN
1557753741965,0.17,IN_VEHICLE
1557753741965,0.07,ON_FOOT
1557753741965,0.07,WALKING
1557753741965,0.06,ON_BICYCLE
1557753741965,0.05,RUNNING
1557753757122,0.5,STILL
1557753757122,0.27,IN_VEHICLE
1557753757122,0.04,ON_FOOT
1557753757122,0.04,WALKING
1557753757122,0.01,ON_BICYCLE
1557753757122,0.01,UNKNOWN
1557753772251,0.39,STILL
1557753772251,0.31,IN_VEHICLE
1557753772251,0.06,ON_FOOT
1557753772251,0.06,WALKING
1557753772251,0.02,ON_BICYCLE
1557753772251,0.01,UNKNOWN
1557753787362,1.0,STILL
1557753802484,1.0,STILL
1557753817635,1.0,STILL
1557753832741,0.95,STILL
1557753832741,0.03,IN_VEHICLE
1557753832741,0.01,ON_FOOT
1557753832741,0.01,UNKNOWN
1557753832741,0.01,WALKING
1557753847868,1.0,STILL
1557753863164,0.76,STILL
1557753863164,0.08,IN_VEHICLE
1557753863164,0.06,ON_FOOT
1557753863164,0.06,WALKING
1557753863164,0.02,UNKNOWN
1557753863164,0.01,ON_BICYCLE
1557753878321,0.59,STILL
1557753878321,0.21,IN_VEHICLE
1557753878321,0.04,ON_FOOT
1557753878321,0.04,WALKING
1557753878321,0.01,ON_BICYCLE
1557753878321,0.01,UNKNOWN
1557753893436,0.54,STILL
1557753893436,0.32,IN_VEHICLE
1557753893436,0.03,ON_FOOT
1557753893436,0.03,WALKING
1557753893436,0.02,ON_BICYCLE
1557753893436,0.02,UNKNOWN
1557753908564,0.66,STILL
1557753908564,0.16,IN_VEHICLE
1557753908564,0.04,ON_FOOT
1557753908564,0.04,WALKING
1557753908564,0.02,ON_BICYCLE
1557753908564,0.02,UNKNOWN
1557753921500,0.6,STILL
1557753921500,0.19,IN_VEHICLE
1557753921500,0.05,ON_FOOT
1557753921500,0.05,WALKING
1557753921500,0.03,UNKNOWN
1557753921500,0.02,ON_BICYCLE
1557753936632,0.33,STILL
1557753936632,0.22,IN_VEHICLE
1557753936632,0.21,UNKNOWN
1557753936632,0.07,ON_FOOT
1557753936632,0.07,WALKING
1557753936632,0.06,ON_BICYCLE
1557753936632,0.05,RUNNING
1557753951795,0.28,STILL
1557753951795,0.21,UNKNOWN
1557753951795,0.19,IN_VEHICLE
1557753951795,0.08,ON_BICYCLE
1557753951795,0.07,ON_FOOT
1557753951795,0.07,WALKING
1557753951795,0.05,RUNNING
1557753966950,0.61,STILL
1557753966950,0.19,IN_VEHICLE
1557753966950,0.07,ON_FOOT
1557753966950,0.07,WALKING
1557753966950,0.02,ON_BICYCLE
1557753966950,0.02,UNKNOWN
1557753982121,0.81,STILL
1557753982121,0.12,IN_VEHICLE
1557753982121,0.03,ON_FOOT
1557753982121,0.03,WALKING
1557753982121,0.02,UNKNOWN
1557753997269,0.55,STILL
1557753997269,0.2,UNKNOWN
1557753997269,0.05,IN_VEHICLE
1557753997269,0.05,ON_BICYCLE
1557753997269,0.05,ON_FOOT
1557753997269,0.05,WALKING
1557753997269,0.05,RUNNING
1557754012395,0.74,STILL
1557754012395,0.14,IN_VEHICLE
1557754012395,0.08,ON_FOOT
1557754012395,0.08,WALKING
1557754012395,0.02,UNKNOWN
1557754012395,0.01,ON_BICYCLE
1557754027541,1.0,STILL
1557754042640,0.55,STILL
1557754042640,0.2,UNKNOWN
1557754042640,0.05,IN_VEHICLE
1557754042640,0.05,ON_BICYCLE
1557754042640,0.05,ON_FOOT
1557754042640,0.05,WALKING
1557754042640,0.05,RUNNING
1557754057797,0.22,STILL
1557754057797,0.22,UNKNOWN
1557754057797,0.19,ON_FOOT
1557754057797,0.19,WALKING
1557754057797,0.15,IN_VEHICLE
1557754057797,0.06,ON_BICYCLE
1557754057797,0.05,RUNNING
1557754071050,0.38,STILL
1557754071050,0.3,ON_FOOT
1557754071050,0.3,WALKING
1557754071050,0.18,IN_VEHICLE
1557754071050,0.03,UNKNOWN
1557754071050,0.02,ON_BICYCLE
1557754086144,0.64,STILL
1557754086144,0.14,ON_FOOT
1557754086144,0.14,WALKING
1557754086144,0.09,IN_VEHICLE
1557754086144,0.03,ON_BICYCLE
1557754086144,0.01,UNKNOWN
1557754101434,0.28,UNKNOWN
1557754101434,0.24,STILL
1557754101434,0.14,IN_VEHICLE
1557754101434,0.08,ON_FOOT
1557754101434,0.08,WALKING
1557754101434,0.07,ON_BICYCLE
1557754101434,0.07,RUNNING
1557754116539,0.5,STILL
1557754116539,0.23,IN_VEHICLE
1557754116539,0.06,ON_FOOT
1557754116539,0.06,WALKING
1557754116539,0.02,ON_BICYCLE
1557754116539,0.01,UNKNOWN
1557754131668,0.38,STILL
1557754131668,0.35,ON_FOOT
1557754131668,0.35,WALKING
1557754131668,0.15,IN_VEHICLE
1557754131668,0.02,ON_BICYCLE
1557754131668,0.01,UNKNOWN
1557754146905,0.28,ON_FOOT
1557754146905,0.28,WALKING
1557754146905,0.21,UNKNOWN
1557754146905,0.19,STILL
1557754146905,0.14,IN_VEHICLE
1557754146905,0.06,ON_BICYCLE
1557754146905,0.05,RUNNING
1557754152238,0.4,UNKNOWN
1557754152238,0.1,IN_VEHICLE
1557754152238,0.1,ON_BICYCLE
1557754152238,0.1,ON_FOOT
1557754152238,0.1,STILL
1557754152238,0.1,WALKING
1557754152238,0.1,RUNNING
1557754158122,1.0,TILTING
1557754164006,0.95,STILL
1557754164006,0.02,IN_VEHICLE
1557754164006,0.01,ON_BICYCLE
1557754164006,0.01,ON_FOOT
1557754164006,0.01,UNKNOWN
1557754164006,0.01,WALKING
1557754180953,1.0,STILL
1557754196092,1.0,STILL
1557754211280,1.0,STILL
1557754226419,1.0,STILL
1557754241520,1.0,STILL
1557754256663,1.0,STILL
1557754271895,1.0,STILL
1557754287071,1.0,STILL
1557754302279,1.0,STILL
1557754317427,1.0,STILL
1557754332545,0.96,STILL
1557754332545,0.02,UNKNOWN
1557754332545,0.01,IN_VEHICLE
1557754332545,0.01,ON_FOOT
1557754332545,0.01,WALKING
1557754347694,0.96,STILL
1557754347694,0.02,ON_FOOT
1557754347694,0.02,UNKNOWN
1557754347694,0.02,WALKING
1557754355274,1.0,TILTING
1557754362854,0.31,UNKNOWN
1557754362854,0.29,ON_FOOT
1557754362854,0.29,WALKING
1557754362854,0.09,ON_BICYCLE
1557754362854,0.08,IN_VEHICLE
1557754362854,0.08,STILL
1557754362854,0.08,RUNNING
1557754372830,1.0,TILTING
1557754382806,0.25,STILL
1557754382806,0.21,UNKNOWN
1557754382806,0.18,ON_FOOT
1557754382806,0.18,WALKING
1557754382806,0.14,IN_VEHICLE
1557754382806,0.07,ON_BICYCLE
1557754382806,0.05,RUNNING
1557754390407,1.0,TILTING
1557754398008,0.28,STILL
1557754398008,0.22,UNKNOWN
1557754398008,0.15,ON_FOOT
1557754398008,0.15,WALKING
1557754398008,0.13,IN_VEHICLE
1557754398008,0.07,ON_BICYCLE
1557754398008,0.05,RUNNING
1557754413159,0.4,UNKNOWN
1557754413159,0.1,IN_VEHICLE
1557754413159,0.1,ON_BICYCLE
1557754413159,0.1,ON_FOOT
1557754413159,0.1,STILL
1557754413159,0.1,WALKING
1557754413159,0.1,RUNNING
1557754421627,1.0,TILTING
1557754430094,0.4,UNKNOWN
1557754430094,0.1,IN_VEHICLE
1557754430094,0.1,ON_BICYCLE
1557754430094,0.1,ON_FOOT
1557754430094,0.1,STILL
1557754430094,0.1,WALKING
1557754430094,0.1,RUNNING
1557754436387,1.0,TILTING
1557754442680,0.31,UNKNOWN
1557754442680,0.27,ON_FOOT
1557754442680,0.27,WALKING
1557754442680,0.1,STILL
1557754442680,0.08,IN_VEHICLE
1557754442680,0.08,ON_BICYCLE
1557754442680,0.08,RUNNING
1557754456448,0.93,ON_FOOT
1557754456448,0.93,WALKING
1557754456448,0.03,UNKNOWN
1557754456448,0.02,STILL
1557754456448,0.01,ON_BICYCLE
1557754456448,0.01,RUNNING
1557754456448,0.0,IN_VEHICLE
1557754461578,1.0,TILTING
1557754466708,0.32,ON_FOOT
1557754466708,0.32,WALKING
1557754466708,0.31,UNKNOWN
1557754466708,0.08,IN_VEHICLE
1557754466708,0.08,ON_BICYCLE
1557754466708,0.08,STILL
1557754466708,0.08,RUNNING
1557754483465,0.4,UNKNOWN
1557754483465,0.1,IN_VEHICLE
1557754483465,0.1,ON_BICYCLE
1557754483465,0.1,ON_FOOT
1557754483465,0.1,STILL
1557754483465,0.1,WALKING
1557754483465,0.1,RUNNING
1557754500837,0.32,ON_FOOT
1557754500837,0.32,WALKING
1557754500837,0.3,UNKNOWN
1557754500837,0.08,IN_VEHICLE
1557754500837,0.08,ON_BICYCLE
1557754500837,0.08,STILL
1557754500837,0.08,RUNNING
1557754504308,1.0,TILTING
1557754507779,0.83,ON_FOOT
1557754507779,0.83,WALKING
1557754507779,0.13,STILL
1557754507779,0.01,IN_VEHICLE
1557754507779,0.01,ON_BICYCLE
1557754507779,0.01,UNKNOWN
1557754515461,1.0,TILTING
1557754523142,0.91,ON_FOOT
1557754523142,0.91,WALKING
1557754523142,0.03,UNKNOWN
1557754523142,0.02,IN_VEHICLE
1557754523142,0.02,ON_BICYCLE
1557754523142,0.02,STILL
1557754534269,0.96,ON_FOOT
1557754534269,0.96,WALKING
1557754534269,0.02,ON_BICYCLE
1557754534269,0.01,STILL
1557754534269,0.01,UNKNOWN
1557754548013,0.79,ON_FOOT
1557754548013,0.79,WALKING
1557754548013,0.17,STILL
1557754548013,0.02,UNKNOWN
1557754548013,0.01,IN_VEHICLE
1557754548013,0.01,ON_BICYCLE
1557754566731,0.37,STILL
1557754566731,0.21,UNKNOWN
1557754566731,0.19,ON_FOOT
1557754566731,0.19,WALKING
1557754566731,0.06,IN_VEHICLE
1557754566731,0.06,ON_BICYCLE
1557754566731,0.05,RUNNING
1557754581897,0.99,STILL
1557754581897,0.01,UNKNOWN
1557754597104,0.49,STILL
1557754597104,0.29,ON_FOOT
1557754597104,0.29,WALKING
1557754597104,0.07,ON_BICYCLE
1557754597104,0.06,IN_VEHICLE
1557754597104,0.03,UNKNOWN
1557754597104,0.02,RUNNING
1557754605014,1.0,TILTING
1557754612924,0.38,ON_FOOT
1557754612924,0.38,WALKING
1557754612924,0.25,UNKNOWN
1557754612924,0.08,IN_VEHICLE
1557754612924,0.08,STILL
1557754612924,0.08,RUNNING
1557754612924,0.07,ON_BICYCLE
1557754620512,1.0,TILTING
1557754628099,0.42,STILL
1557754628099,0.21,IN_VEHICLE
1557754628099,0.11,UNKNOWN
1557754628099,0.08,ON_FOOT
1557754628099,0.08,WALKING
1557754628099,0.04,ON_BICYCLE
1557754628099,0.03,RUNNING
1557754643323,0.3,STILL
1557754643323,0.27,UNKNOWN
1557754643323,0.12,IN_VEHICLE
1557754643323,0.07,ON_BICYCLE
1557754643323,0.07,ON_FOOT
1557754643323,0.07,WALKING
1557754643323,0.07,RUNNING
1557754649542,1.0,TILTING
1557754655761,0.52,ON_FOOT
1557754655761,0.52,WALKING
1557754655761,0.21,UNKNOWN
1557754655761,0.06,ON_BICYCLE
1557754655761,0.06,STILL
1557754655761,0.06,RUNNING
1557754655761,0.05,IN_VEHICLE
1557754663262,1.0,TILTING
1557754670763,1.0,ON_FOOT
1557754670763,1.0,WALKING
1557754697860,0.89,ON_FOOT
1557754697860,0.89,WALKING
1557754697860,0.05,RUNNING
1557754697860,0.04,ON_BICYCLE
1557754697860,0.02,UNKNOWN
1557754714591,0.99,ON_FOOT
1557754714591,0.99,WALKING
1557754714591,0.01,UNKNOWN
1557754729806,0.98,ON_FOOT
1557754729806,0.98,WALKING
1557754729806,0.02,UNKNOWN
1557754744705,0.99,ON_FOOT
1557754744705,0.99,WALKING
1557754744705,0.01,UNKNOWN
1557754760228,0.95,ON_FOOT
1557754760228,0.95,WALKING
1557754760228,0.02,UNKNOWN
1557754760228,0.02,RUNNING
1557754760228,0.01,ON_BICYCLE
1557754776560,0.94,ON_FOOT
1557754776560,0.94,WALKING
1557754776560,0.02,ON_BICYCLE
1557754776560,0.02,UNKNOWN
1557754776560,0.02,RUNNING
1557754791732,0.9,ON_FOOT
1557754791732,0.9,WALKING
1557754791732,0.03,UNKNOWN
1557754791732,0.03,RUNNING
1557754791732,0.02,ON_BICYCLE
1557754791732,0.01,IN_VEHICLE
1557754791732,0.01,STILL
1557754806821,0.94,ON_FOOT
1557754806821,0.94,WALKING
1557754806821,0.04,ON_BICYCLE
1557754806821,0.01,UNKNOWN
1557754806821,0.01,RUNNING
1557754821949,0.86,ON_FOOT
1557754821949,0.86,WALKING
1557754821949,0.09,ON_BICYCLE
1557754821949,0.02,STILL
1557754821949,0.02,UNKNOWN
1557754821949,0.01,IN_VEHICLE
1557754837347,0.95,ON_FOOT
1557754837347,0.95,WALKING
1557754837347,0.03,ON_BICYCLE
1557754837347,0.02,UNKNOWN
1557754852574,0.99,ON_FOOT
1557754852574,0.99,WALKING
1557754852574,0.01,ON_BICYCLE
1557754867673,0.94,ON_FOOT
1557754867673,0.94,WALKING
1557754867673,0.05,ON_BICYCLE
1557754867673,0.01,UNKNOWN
1557754882782,0.96,ON_FOOT
1557754882782,0.96,WALKING
1557754882782,0.02,ON_BICYCLE
1557754882782,0.01,STILL
1557754882782,0.01,UNKNOWN
1557754899250,0.98,ON_FOOT
1557754899250,0.98,WALKING
1557754899250,0.01,ON_BICYCLE
1557754899250,0.01,UNKNOWN
1557754907194,1.0,TILTING
1557754915138,0.99,ON_FOOT
1557754915138,0.99,WALKING
1557754915138,0.01,UNKNOWN
1557754922701,1.0,TILTING
1557754930264,0.98,ON_FOOT
1557754930264,0.98,WALKING
1557754930264,0.02,UNKNOWN
1557754937843,1.0,TILTING
1557754945422,0.99,ON_FOOT
1557754945422,0.99,WALKING
1557754945422,0.01,UNKNOWN
1557754961865,0.97,ON_FOOT
1557754961865,0.97,WALKING
1557754961865,0.03,UNKNOWN
1557754977019,0.97,ON_FOOT
1557754977019,0.97,WALKING
1557754977019,0.02,RUNNING
1557754977019,0.01,UNKNOWN
1557754992095,0.97,ON_FOOT
1557754992095,0.97,WALKING
1557754992095,0.02,RUNNING
1557754992095,0.01,UNKNOWN
1557755007205,0.98,ON_FOOT
1557755007205,0.98,WALKING
1557755007205,0.01,UNKNOWN
1557755007205,0.01,RUNNING
1557755014752,1.0,TILTING
1557755022299,0.94,ON_FOOT
1557755022299,0.94,WALKING
1557755022299,0.02,ON_BICYCLE
1557755022299,0.02,UNKNOWN
1557755022299,0.02,RUNNING
1557755029882,1.0,TILTING
1557755037465,0.97,ON_FOOT
1557755037465,0.97,WALKING
1557755037465,0.02,RUNNING
1557755037465,0.01,UNKNOWN
1557755052653,0.95,ON_FOOT
1557755052653,0.95,WALKING
1557755052653,0.03,RUNNING
1557755052653,0.02,UNKNOWN
1557755056294,1.0,TILTING
1557755059934,0.94,ON_FOOT
1557755059934,0.94,WALKING
1557755059934,0.02,STILL
1557755059934,0.02,UNKNOWN
1557755059934,0.02,RUNNING
1557755067981,1.0,TILTING
1557755076027,0.99,ON_FOOT
1557755076027,0.99,WALKING
1557755076027,0.01,UNKNOWN
1557755091226,0.99,ON_FOOT
1557755091226,0.99,WALKING
1557755091226,0.01,UNKNOWN
1557755106421,0.88,ON_FOOT
1557755106421,0.88,WALKING
1557755106421,0.11,RUNNING
1557755106421,0.01,UNKNOWN
1557755121504,1.0,ON_FOOT
1557755121504,1.0,WALKING
1557755136637,0.99,ON_FOOT
1557755136637,0.99,WALKING
1557755136637,0.01,UNKNOWN
1557755151802,0.99,ON_FOOT
1557755151802,0.99,WALKING
1557755151802,0.01,UNKNOWN
1557755170526,1.0,ON_FOOT
1557755170526,1.0,WALKING
1557755186176,0.8,ON_FOOT
1557755186176,0.8,WALKING
1557755186176,0.15,RUNNING
1557755186176,0.03,STILL
1557755186176,0.01,ON_BICYCLE
1557755186176,0.01,UNKNOWN
1557755201299,0.9,ON_FOOT
1557755201299,0.9,WALKING
1557755201299,0.09,RUNNING
1557755201299,0.01,UNKNOWN
1557755205850,0.84,ON_FOOT
1557755205850,0.84,WALKING
1557755205850,0.13,STILL
1557755205850,0.02,UNKNOWN
1557755205850,0.01,RUNNING
1557755208156,1.0,TILTING
1557755210462,0.97,ON_FOOT
1557755210462,0.97,WALKING
1557755210462,0.02,RUNNING
1557755210462,0.01,UNKNOWN
1557755212749,1.0,TILTING
1557755215036,0.99,ON_FOOT
1557755215036,0.99,WALKING
1557755215036,0.01,UNKNOWN
1557755230839,1.0,ON_FOOT
1557755230839,1.0,WALKING
1557755245973,0.86,ON_FOOT
1557755245973,0.86,WALKING
1557755245973,0.09,RUNNING
1557755245973,0.02,ON_BICYCLE
1557755245973,0.02,UNKNOWN
1557755245973,0.01,STILL
1557755261165,0.99,ON_FOOT
1557755261165,0.99,WALKING
1557755261165,0.01,UNKNOWN
1557755276323,1.0,ON_FOOT
1557755276323,1.0,WALKING
1557755291498,0.94,ON_FOOT
1557755291498,0.94,WALKING
1557755291498,0.03,RUNNING
1557755291498,0.01,IN_VEHICLE
1557755291498,0.01,ON_BICYCLE
1557755291498,0.01,UNKNOWN
1557755306652,0.98,ON_FOOT
1557755306652,0.98,WALKING
1557755306652,0.02,RUNNING
1557755321924,1.0,ON_FOOT
1557755321924,1.0,WALKING
1557755337073,1.0,ON_FOOT
1557755337073,1.0,WALKING
1557755352314,0.99,ON_FOOT
1557755352314,0.99,WALKING
1557755352314,0.01,RUNNING
1557755359971,1.0,TILTING
1557755367627,0.91,ON_FOOT
1557755367627,0.91,WALKING
1557755367627,0.04,STILL
1557755367627,0.02,ON_BICYCLE
1557755367627,0.01,IN_VEHICLE
1557755367627,0.01,RUNNING
1557755370368,1.0,TILTING
1557755373108,1.0,ON_FOOT
1557755373108,1.0,WALKING
1557755380184,1.0,TILTING
1557755387260,0.97,ON_FOOT
1557755387260,0.97,WALKING
1557755387260,0.02,UNKNOWN
1557755387260,0.01,RUNNING
1557755394845,1.0,TILTING
1557755402429,0.91,ON_FOOT
1557755402429,0.91,WALKING
1557755402429,0.09,RUNNING
1557755417636,0.98,ON_FOOT
1557755417636,0.98,WALKING
1557755417636,0.01,UNKNOWN
1557755417636,0.01,RUNNING
1557755432767,0.96,ON_FOOT
1557755432767,0.96,WALKING
1557755432767,0.02,UNKNOWN
1557755432767,0.01,ON_BICYCLE
1557755432767,0.01,RUNNING
1557755448639,0.96,ON_FOOT
1557755448639,0.96,WALKING
1557755448639,0.03,UNKNOWN
1557755448639,0.01,STILL
1557755463661,0.97,ON_FOOT
1557755463661,0.97,WALKING
1557755463661,0.02,UNKNOWN
1557755463661,0.01,RUNNING
1557755482492,0.98,ON_FOOT
1557755482492,0.98,WALKING
1557755482492,0.02,UNKNOWN
1557755488789,1.0,TILTING
1557755495086,0.93,ON_FOOT
1557755495086,0.93,WALKING
1557755495086,0.02,ON_BICYCLE
1557755495086,0.02,UNKNOWN
1557755495086,0.02,RUNNING
1557755495086,0.01,STILL
1557755505826,1.0,TILTING
1557755516565,0.98,ON_FOOT
1557755516565,0.98,WALKING
1557755516565,0.01,STILL
1557755516565,0.01,UNKNOWN
1557755524062,0.39,ON_FOOT
1557755524062,0.39,WALKING
1557755524062,0.27,UNKNOWN
1557755524062,0.07,IN_VEHICLE
1557755524062,0.07,ON_BICYCLE
1557755524062,0.07,STILL
1557755524062,0.07,RUNNING
1557755539484,1.0,TILTING
1557755554906,0.67,STILL
1557755554906,0.11,UNKNOWN
1557755554906,0.06,IN_VEHICLE
1557755554906,0.06,ON_FOOT
1557755554906,0.06,WALKING
1557755554906,0.03,ON_BICYCLE
1557755554906,0.03,RUNNING
1557755570109,1.0,STILL
1557755585192,1.0,STILL
1557755600349,1.0,STILL
1557755615490,1.0,STILL
1557755623062,1.0,TILTING
1557755630633,0.31,STILL
1557755630633,0.27,UNKNOWN
1557755630633,0.11,IN_VEHICLE
1557755630633,0.09,ON_FOOT
1557755630633,0.09,WALKING
1557755630633,0.07,ON_BICYCLE
1557755630633,0.07,RUNNING
1557755644182,0.47,STILL
1557755644182,0.21,IN_VEHICLE
1557755644182,0.09,ON_FOOT
1557755644182,0.09,WALKING
1557755644182,0.03,ON_BICYCLE
1557755644182,0.03,UNKNOWN
1557755656364,1.0,TILTING
1557755668545,0.48,STILL
1557755668545,0.39,ON_FOOT
1557755668545,0.39,WALKING
1557755668545,0.05,IN_VEHICLE
1557755668545,0.04,ON_BICYCLE
1557755668545,0.02,UNKNOWN
1557755668545,0.01,RUNNING
1557755683780,0.56,STILL
1557755683780,0.24,ON_FOOT
1557755683780,0.24,WALKING
1557755683780,0.09,IN_VEHICLE
1557755683780,0.04,ON_BICYCLE
1557755683780,0.02,UNKNOWN
1557755683780,0.01,RUNNING
1557755693920,1.0,TILTING
1557755704060,0.95,ON_FOOT
1557755704060,0.95,WALKING
1557755704060,0.02,STILL
1557755704060,0.01,ON_BICYCLE
1557755704060,0.01,UNKNOWN
1557755704060,0.0,IN_VEHICLE
1557755704060,0.0,RUNNING
1557755720475,0.4,ON_FOOT
1557755720475,0.4,WALKING
1557755720475,0.27,UNKNOWN
1557755720475,0.07,IN_VEHICLE
1557755720475,0.07,ON_BICYCLE
1557755720475,0.07,STILL
1557755720475,0.07,RUNNING
1557755728598,1.0,TILTING
1557755736721,0.71,STILL
1557755736721,0.16,IN_VEHICLE
1557755736721,0.06,ON_FOOT
1557755736721,0.06,WALKING
1557755736721,0.03,UNKNOWN
1557755736721,0.01,ON_BICYCLE
1557755744363,1.0,TILTING
1557755752004,0.4,UNKNOWN
1557755752004,0.1,IN_VEHICLE
1557755752004,0.1,ON_BICYCLE
1557755752004,0.1,ON_FOOT
1557755752004,0.1,STILL
1557755752004,0.1,WALKING
1557755752004,0.1,RUNNING
1557755767158,0.4,UNKNOWN
1557755767158,0.1,IN_VEHICLE
1557755767158,0.1,ON_BICYCLE
1557755767158,0.1,ON_FOOT
1557755767158,0.1,STILL
1557755767158,0.1,WALKING
1557755767158,0.1,RUNNING
1557755782261,0.21,UNKNOWN
1557755782261,0.2,STILL
1557755782261,0.18,ON_FOOT
1557755782261,0.18,WALKING
1557755782261,0.15,IN_VEHICLE
1557755782261,0.08,ON_BICYCLE
1557755782261,0.05,RUNNING
1557755789589,1.0,TILTING
1557755796916,0.3,UNKNOWN
1557755796916,0.29,ON_FOOT
1557755796916,0.29,WALKING
1557755796916,0.09,ON_BICYCLE
1557755796916,0.08,IN_VEHICLE
1557755796916,0.08,STILL
1557755796916,0.08,RUNNING
1557755817946,0.31,UNKNOWN
1557755817946,0.27,ON_FOOT
1557755817946,0.27,WALKING
1557755817946,0.09,IN_VEHICLE
1557755817946,0.09,STILL
1557755817946,0.08,ON_BICYCLE
1557755817946,0.08,RUNNING
1557755827988,1.0,TILTING
1557755838029,0.9,ON_FOOT
1557755838029,0.9,WALKING
1557755838029,0.02,IN_VEHICLE
1557755838029,0.02,ON_BICYCLE
1557755838029,0.02,STILL
1557755838029,0.02,UNKNOWN
1557755838029,0.0,RUNNING
1557755845719,1.0,TILTING
1557755853409,0.84,ON_FOOT
1557755853409,0.84,WALKING
1557755853409,0.06,RUNNING
1557755853409,0.03,STILL
1557755853409,0.02,IN_VEHICLE
1557755853409,0.02,ON_BICYCLE
1557755853409,0.02,UNKNOWN
1557755864581,0.48,STILL
1557755864581,0.24,ON_FOOT
1557755864581,0.24,WALKING
1557755864581,0.11,UNKNOWN
1557755864581,0.06,IN_VEHICLE
1557755864581,0.04,ON_BICYCLE
1557755864581,0.03,RUNNING
1557755879696,1.0,STILL
1557755894860,1.0,STILL
1557755910184,1.0,STILL
1557755925316,1.0,STILL
1557755940467,1.0,STILL
1557755948037,1.0,TILTING
1557755955607,0.31,UNKNOWN
1557755955607,0.25,STILL
1557755955607,0.11,IN_VEHICLE
1557755955607,0.09,ON_FOOT
1557755955607,0.09,WALKING
1557755955607,0.08,ON_BICYCLE
1557755955607,0.08,RUNNING
1557755970838,0.5,ON_FOOT
1557755970838,0.5,WALKING
1557755970838,0.16,STILL
1557755970838,0.12,UNKNOWN
1557755970838,0.11,IN_VEHICLE
1557755970838,0.04,ON_BICYCLE
1557755970838,0.03,RUNNING
1557755981881,1.0,TILTING
1557755992924,0.54,STILL
1557755992924,0.17,UNKNOWN
1557755992924,0.09,ON_FOOT
1557755992924,0.09,WALKING
1557755992924,0.07,IN_VEHICLE
1557755992924,0.05,ON_BICYCLE
1557755992924,0.04,RUNNING
1557756002544,0.88,STILL
1557756002544,0.04,ON_FOOT
1557756002544,0.04,WALKING
1557756002544,0.03,ON_BICYCLE
1557756002544,0.02,IN_VEHICLE
1557756002544,0.01,UNKNOWN
1557756017717,1.0,STILL
1557756032861,1.0,STILL
1557756048048,1.0,STILL
1557756063155,0.92,STILL
1557756063155,0.04,ON_FOOT
1557756063155,0.04,WALKING
1557756063155,0.02,UNKNOWN
1557756063155,0.01,IN_VEHICLE
1557756063155,0.01,ON_BICYCLE
1557756078266,1.0,STILL
1557756093421,1.0,STILL
1557756108518,1.0,STILL
1557756123670,1.0,STILL
1557756138845,1.0,STILL
1557756153974,1.0,STILL
1557756169147,1.0,STILL
1557756184253,1.0,STILL
1557756199348,1.0,STILL
1557756214482,1.0,STILL
1557756229650,1.0,STILL
1557756244812,0.99,STILL
1557756244812,0.01,UNKNOWN
1557756259939,1.0,STILL
1557756275085,0.95,STILL
1557756275085,0.02,UNKNOWN
1557756275085,0.01,IN_VEHICLE
1557756275085,0.01,ON_FOOT
1557756275085,0.01,WALKING
1557756290232,1.0,STILL
1557756305091,1.0,STILL
1557756320217,1.0,STILL
1557756335305,1.0,STILL
1557756350439,1.0,STILL
1557756365606,1.0,STILL
1557756380741,1.0,STILL
1557756396043,1.0,STILL
1557756411162,1.0,STILL
1557756426308,1.0,STILL
1557756441460,0.9,STILL
1557756441460,0.09,ON_BICYCLE
1557756441460,0.01,UNKNOWN
1557756456633,1.0,STILL
1557756471731,1.0,STILL
1557756486854,1.0,STILL
1557757097762,1.0,TILTING
1557757708670,0.4,UNKNOWN
1557757708670,0.1,IN_VEHICLE
1557757708670,0.1,ON_BICYCLE
1557757708670,0.1,ON_FOOT
1557757708670,0.1,STILL
1557757708670,0.1,WALKING
1557757708670,0.1,RUNNING
1557757747096,0.4,UNKNOWN
1557757747096,0.1,IN_VEHICLE
1557757747096,0.1,ON_BICYCLE
1557757747096,0.1,ON_FOOT
1557757747096,0.1,STILL
1557757747096,0.1,WALKING
1557757747096,0.1,RUNNING
1557757762217,0.29,STILL
1557757762217,0.21,UNKNOWN
1557757762217,0.15,ON_FOOT
1557757762217,0.15,WALKING
1557757762217,0.13,IN_VEHICLE
1557757762217,0.06,ON_BICYCLE
1557757762217,0.05,RUNNING
1557757777327,0.47,ON_FOOT
1557757777327,0.47,WALKING
1557757777327,0.21,UNKNOWN
1557757777327,0.08,STILL
1557757777327,0.07,IN_VEHICLE
1557757777327,0.06,ON_BICYCLE
1557757777327,0.05,RUNNING
1557757784619,1.0,TILTING
1557757791910,0.31,UNKNOWN
1557757791910,0.19,STILL
1557757791910,0.13,ON_FOOT
1557757791910,0.13,WALKING
1557757791910,0.12,IN_VEHICLE
1557757791910,0.08,ON_BICYCLE
1557757791910,0.08,RUNNING
1557757794431,1.0,TILTING
1557757796952,0.31,UNKNOWN
1557757796952,0.28,ON_FOOT
1557757796952,0.28,WALKING
1557757796952,0.1,STILL
1557757796952,0.08,IN_VEHICLE
1557757796952,0.08,ON_BICYCLE
1557757796952,0.08,RUNNING
1557757812367,0.85,STILL
1557757812367,0.09,IN_VEHICLE
1557757812367,0.02,ON_FOOT
1557757812367,0.02,WALKING
1557757812367,0.01,ON_BICYCLE
1557757812367,0.01,UNKNOWN
1557757827504,0.3,UNKNOWN
1557757827504,0.29,ON_FOOT
1557757827504,0.29,WALKING
1557757827504,0.09,STILL
1557757827504,0.08,IN_VEHICLE
1557757827504,0.08,ON_BICYCLE
1557757827504,0.08,RUNNING
1557757842617,0.4,UNKNOWN
1557757842617,0.1,IN_VEHICLE
1557757842617,0.1,ON_BICYCLE
1557757842617,0.1,ON_FOOT
1557757842617,0.1,STILL
1557757842617,0.1,WALKING
1557757842617,0.1,RUNNING
1557757847303,0.31,UNKNOWN
1557757847303,0.15,STILL
1557757847303,0.13,IN_VEHICLE
1557757847303,0.11,ON_BICYCLE
1557757847303,0.11,ON_FOOT
1557757847303,0.11,WALKING
1557757847303,0.08,RUNNING
1557757856575,0.31,UNKNOWN
1557757856575,0.14,IN_VEHICLE
1557757856575,0.14,ON_FOOT
1557757856575,0.14,STILL
1557757856575,0.14,WALKING
1557757856575,0.1,ON_BICYCLE
1557757856575,0.08,RUNNING
1557757877576,0.61,ON_FOOT
1557757877576,0.61,WALKING
1557757877576,0.17,UNKNOWN
1557757877576,0.05,STILL
1557757877576,0.05,RUNNING
1557757877576,0.04,IN_VEHICLE
1557757877576,0.04,ON_BICYCLE
1557757883831,1.0,TILTING
1557757890085,0.92,ON_FOOT
1557757890085,0.92,WALKING
1557757890085,0.02,IN_VEHICLE
1557757890085,0.02,ON_BICYCLE
1557757890085,0.02,STILL
1557757890085,0.01,UNKNOWN
1557757899489,1.0,TILTING
1557757908892,0.98,ON_FOOT
1557757908892,0.98,WALKING
1557757908892,0.01,ON_BICYCLE
1557757908892,0.01,UNKNOWN
1557757920959,0.52,ON_FOOT
1557757920959,0.52,WALKING
1557757920959,0.22,UNKNOWN
1557757920959,0.06,IN_VEHICLE
1557757920959,0.06,STILL
1557757920959,0.05,ON_BICYCLE
1557757920959,0.05,RUNNING
1557757928683,0.78,ON_FOOT
1557757928683,0.78,WALKING
1557757928683,0.09,STILL
1557757928683,0.05,IN_VEHICLE
1557757928683,0.03,ON_BICYCLE
1557757928683,0.01,UNKNOWN
1557757928683,0.01,RUNNING
1557757957486,0.38,STILL
1557757957486,0.17,UNKNOWN
1557757957486,0.15,IN_VEHICLE
1557757957486,0.09,ON_FOOT
1557757957486,0.09,WALKING
1557757957486,0.05,ON_BICYCLE
1557757957486,0.04,RUNNING
1557757972595,0.31,UNKNOWN
1557757972595,0.21,STILL
1557757972595,0.14,IN_VEHICLE
1557757972595,0.08,ON_BICYCLE
1557757972595,0.08,ON_FOOT
1557757972595,0.08,WALKING
1557757972595,0.08,RUNNING
1557757991488,0.31,UNKNOWN
1557757991488,0.19,STILL
1557757991488,0.13,ON_FOOT
1557757991488,0.13,WALKING
1557757991488,0.11,IN_VEHICLE
1557757991488,0.08,ON_BICYCLE
1557757991488,0.08,RUNNING
1557758012339,0.28,STILL
1557758012339,0.2,UNKNOWN
1557758012339,0.17,IN_VEHICLE
1557758012339,0.11,ON_FOOT
1557758012339,0.11,WALKING
1557758012339,0.06,ON_BICYCLE
1557758012339,0.05,RUNNING
1557758027478,0.64,STILL
1557758027478,0.16,IN_VEHICLE
1557758027478,0.06,ON_FOOT
1557758027478,0.06,WALKING
1557758027478,0.03,UNKNOWN
1557758027478,0.01,ON_BICYCLE
1557758042586,0.47,STILL
1557758042586,0.26,IN_VEHICLE
1557758042586,0.07,ON_FOOT
1557758042586,0.07,WALKING
1557758042586,0.02,UNKNOWN
1557758042586,0.01,ON_BICYCLE
1557758057689,0.46,STILL
1557758057689,0.31,IN_VEHICLE
1557758057689,0.06,ON_FOOT
1557758057689,0.06,WALKING
1557758057689,0.02,ON_BICYCLE
1557758057689,0.01,UNKNOWN
1557758072751,0.48,STILL
1557758072751,0.3,IN_VEHICLE
1557758072751,0.06,ON_FOOT
1557758072751,0.06,WALKING
1557758072751,0.03,UNKNOWN
1557758072751,0.01,ON_BICYCLE
1557758087851,0.55,STILL
1557758087851,0.24,IN_VEHICLE
1557758087851,0.06,ON_FOOT
1557758087851,0.06,WALKING
1557758087851,0.02,UNKNOWN
1557758087851,0.01,ON_BICYCLE
1557758102908,0.32,STILL
1557758102908,0.25,IN_VEHICLE
1557758102908,0.23,ON_FOOT
1557758102908,0.23,WALKING
1557758102908,0.03,ON_BICYCLE
1557758102908,0.02,UNKNOWN
1557758118006,0.4,UNKNOWN
1557758118006,0.1,IN_VEHICLE
1557758118006,0.1,ON_BICYCLE
1557758118006,0.1,ON_FOOT
1557758118006,0.1,STILL
1557758118006,0.1,WALKING
1557758118006,0.1,RUNNING
1557758133104,0.41,STILL
1557758133104,0.24,IN_VEHICLE
1557758133104,0.11,ON_FOOT
1557758133104,0.11,WALKING
1557758133104,0.03,ON_BICYCLE
1557758133104,0.02,UNKNOWN
1557758148223,0.28,STILL
1557758148223,0.21,UNKNOWN
1557758148223,0.14,IN_VEHICLE
1557758148223,0.14,ON_FOOT
1557758148223,0.14,WALKING
1557758148223,0.07,ON_BICYCLE
1557758148223,0.05,RUNNING
1557758163365,0.3,IN_VEHICLE
1557758163365,0.21,UNKNOWN
1557758163365,0.17,STILL
1557758163365,0.11,ON_FOOT
1557758163365,0.11,WALKING
1557758163365,0.06,ON_BICYCLE
1557758163365,0.05,RUNNING
1557758168618,0.3,STILL
1557758168618,0.25,IN_VEHICLE
1557758168618,0.11,ON_FOOT
1557758168618,0.11,UNKNOWN
1557758168618,0.11,WALKING
1557758168618,0.05,ON_BICYCLE
1557758168618,0.03,RUNNING
1557758172034,0.39,STILL
1557758172034,0.34,IN_VEHICLE
1557758172034,0.08,ON_FOOT
1557758172034,0.08,WALKING
1557758172034,0.02,ON_BICYCLE
1557758172034,0.02,UNKNOWN
1557758190830,0.3,UNKNOWN
1557758190830,0.26,STILL
1557758190830,0.1,IN_VEHICLE
1557758190830,0.09,ON_FOOT
1557758190830,0.09,WALKING
1557758190830,0.08,ON_BICYCLE
1557758190830,0.08,RUNNING
1557758211065,0.31,UNKNOWN
1557758211065,0.15,STILL
1557758211065,0.14,IN_VEHICLE
1557758211065,0.14,ON_FOOT
1557758211065,0.14,WALKING
1557758211065,0.08,ON_BICYCLE
1557758211065,0.08,RUNNING
1557758231132,0.31,UNKNOWN
1557758231132,0.16,STILL
1557758231132,0.14,IN_VEHICLE
1557758231132,0.14,ON_FOOT
1557758231132,0.14,WALKING
1557758231132,0.09,ON_BICYCLE
1557758231132,0.08,RUNNING
1557758249727,0.31,UNKNOWN
1557758249727,0.16,STILL
1557758249727,0.14,IN_VEHICLE
1557758249727,0.13,ON_FOOT
1557758249727,0.13,WALKING
1557758249727,0.09,ON_BICYCLE
1557758249727,0.08,RUNNING
1557758273507,0.32,STILL
1557758273507,0.19,IN_VEHICLE
1557758273507,0.18,UNKNOWN
1557758273507,0.1,ON_FOOT
1557758273507,0.1,WALKING
1557758273507,0.05,ON_BICYCLE
1557758273507,0.04,RUNNING
1557758279732,0.68,STILL
1557758279732,0.12,IN_VEHICLE
1557758279732,0.05,ON_FOOT
1557758279732,0.05,WALKING
1557758279732,0.02,UNKNOWN
1557758279732,0.01,ON_BICYCLE
1557758284766,0.57,STILL
1557758284766,0.21,IN_VEHICLE
1557758284766,0.09,ON_FOOT
1557758284766,0.09,WALKING
1557758284766,0.02,ON_BICYCLE
1557758284766,0.02,UNKNOWN
1557758303362,0.4,UNKNOWN
1557758303362,0.1,IN_VEHICLE
1557758303362,0.1,ON_BICYCLE
1557758303362,0.1,ON_FOOT
1557758303362,0.1,STILL
1557758303362,0.1,WALKING
1557758303362,0.1,RUNNING
1557758317014,0.56,STILL
1557758317014,0.23,IN_VEHICLE
1557758317014,0.07,ON_FOOT
1557758317014,0.07,WALKING
1557758317014,0.02,ON_BICYCLE
1557758317014,0.02,UNKNOWN
1557758322051,0.34,STILL
1557758322051,0.3,ON_FOOT
1557758322051,0.3,WALKING
1557758322051,0.23,IN_VEHICLE
1557758322051,0.03,ON_BICYCLE
1557758322051,0.01,UNKNOWN
1557758322051,0.01,RUNNING
1557758332125,0.33,STILL
1557758332125,0.21,UNKNOWN
1557758332125,0.15,IN_VEHICLE
1557758332125,0.12,ON_FOOT
1557758332125,0.12,WALKING
1557758332125,0.07,ON_BICYCLE
1557758332125,0.05,RUNNING
1557758337192,0.77,STILL
1557758337192,0.08,ON_FOOT
1557758337192,0.08,WALKING
1557758337192,0.07,IN_VEHICLE
1557758337192,0.02,UNKNOWN
1557758337192,0.01,ON_BICYCLE
1557758342237,0.4,STILL
1557758342237,0.22,IN_VEHICLE
1557758342237,0.2,ON_FOOT
1557758342237,0.2,WALKING
1557758342237,0.03,ON_BICYCLE
1557758342237,0.02,UNKNOWN
1557758346759,0.32,STILL
1557758346759,0.29,IN_VEHICLE
1557758346759,0.22,ON_FOOT
1557758346759,0.22,WALKING
1557758346759,0.05,ON_BICYCLE
1557758346759,0.02,UNKNOWN
1557758346759,0.01,RUNNING
1557758366441,0.4,UNKNOWN
1557758366441,0.1,IN_VEHICLE
1557758366441,0.1,ON_BICYCLE
1557758366441,0.1,ON_FOOT
1557758366441,0.1,STILL
1557758366441,0.1,WALKING
1557758366441,0.1,RUNNING
1557758387259,0.4,UNKNOWN
1557758387259,0.1,IN_VEHICLE
1557758387259,0.1,ON_BICYCLE
1557758387259,0.1,ON_FOOT
1557758387259,0.1,STILL
1557758387259,0.1,WALKING
1557758387259,0.1,RUNNING
1557758405905,0.31,UNKNOWN
1557758405905,0.17,STILL
1557758405905,0.15,IN_VEHICLE
1557758405905,0.12,ON_FOOT
1557758405905,0.12,WALKING
1557758405905,0.09,ON_BICYCLE
1557758405905,0.08,RUNNING
1557758425941,0.31,UNKNOWN
1557758425941,0.21,STILL
1557758425941,0.15,IN_VEHICLE
1557758425941,0.09,ON_FOOT
1557758425941,0.09,WALKING
1557758425941,0.08,ON_BICYCLE
1557758425941,0.08,RUNNING
1557758444441,0.32,STILL
1557758444441,0.21,UNKNOWN
1557758444441,0.16,IN_VEHICLE
1557758444441,0.09,ON_FOOT
1557758444441,0.09,WALKING
1557758444441,0.06,ON_BICYCLE
1557758444441,0.05,RUNNING
1557758451120,0.63,STILL
1557758451120,0.16,IN_VEHICLE
1557758451120,0.1,ON_FOOT
1557758451120,0.1,WALKING
1557758451120,0.01,ON_BICYCLE
1557758451120,0.01,UNKNOWN
1557758455635,0.33,STILL
1557758455635,0.27,IN_VEHICLE
1557758455635,0.23,ON_FOOT
1557758455635,0.23,WALKING
1557758455635,0.02,ON_BICYCLE
1557758455635,0.02,UNKNOWN
1557758460224,0.49,STILL
1557758460224,0.18,ON_FOOT
1557758460224,0.18,WALKING
1557758460224,0.16,IN_VEHICLE
1557758460224,0.03,ON_BICYCLE
1557758460224,0.02,UNKNOWN
1557758470572,0.24,STILL
1557758470572,0.22,UNKNOWN
1557758470572,0.18,IN_VEHICLE
1557758470572,0.18,ON_FOOT
1557758470572,0.18,WALKING
1557758470572,0.06,ON_BICYCLE
1557758470572,0.05,RUNNING
1557758485879,0.27,UNKNOWN
1557758485879,0.21,STILL
1557758485879,0.16,ON_FOOT
1557758485879,0.16,WALKING
1557758485879,0.12,IN_VEHICLE
1557758485879,0.08,ON_BICYCLE
1557758485879,0.07,RUNNING
1557758509572,0.28,STILL
1557758509572,0.21,UNKNOWN
1557758509572,0.17,IN_VEHICLE
1557758509572,0.15,ON_FOOT
1557758509572,0.15,WALKING
1557758509572,0.06,ON_BICYCLE
1557758509572,0.05,RUNNING
1557758524679,0.39,STILL
1557758524679,0.25,IN_VEHICLE
1557758524679,0.16,ON_FOOT
1557758524679,0.16,WALKING
1557758524679,0.04,ON_BICYCLE
1557758524679,0.01,UNKNOWN
1557758543977,0.4,UNKNOWN
1557758543977,0.1,IN_VEHICLE
1557758543977,0.1,ON_BICYCLE
1557758543977,0.1,ON_FOOT
1557758543977,0.1,STILL
1557758543977,0.1,WALKING
1557758543977,0.1,RUNNING
1557758561733,0.4,UNKNOWN
1557758561733,0.1,IN_VEHICLE
1557758561733,0.1,ON_BICYCLE
1557758561733,0.1,ON_FOOT
1557758561733,0.1,STILL
1557758561733,0.1,WALKING
1557758561733,0.1,RUNNING
1557758585606,0.36,STILL
1557758585606,0.19,IN_VEHICLE
1557758585606,0.14,ON_FOOT
1557758585606,0.14,WALKING
1557758585606,0.12,UNKNOWN
1557758585606,0.04,ON_BICYCLE
1557758585606,0.03,RUNNING
1557758600703,0.27,UNKNOWN
1557758600703,0.23,STILL
1557758600703,0.15,IN_VEHICLE
1557758600703,0.08,ON_FOOT
1557758600703,0.08,WALKING
1557758600703,0.07,ON_BICYCLE
1557758600703,0.07,RUNNING
1557758616805,0.25,UNKNOWN
1557758616805,0.23,STILL
1557758616805,0.17,IN_VEHICLE
1557758616805,0.1,ON_FOOT
1557758616805,0.1,WALKING
1557758616805,0.07,ON_BICYCLE
1557758616805,0.06,RUNNING
1557758634349,0.4,UNKNOWN
1557758634349,0.1,IN_VEHICLE
1557758634349,0.1,ON_BICYCLE
1557758634349,0.1,ON_FOOT
1557758634349,0.1,STILL
1557758634349,0.1,WALKING
1557758634349,0.1,RUNNING
1557758656444,0.4,UNKNOWN
1557758656444,0.1,IN_VEHICLE
1557758656444,0.1,ON_BICYCLE
1557758656444,0.1,ON_FOOT
1557758656444,0.1,STILL
1557758656444,0.1,WALKING
1557758656444,0.1,RUNNING
1557758671606,0.58,STILL
1557758671606,0.23,IN_VEHICLE
1557758671606,0.04,ON_FOOT
1557758671606,0.04,WALKING
1557758671606,0.02,UNKNOWN
1557758671606,0.01,ON_BICYCLE
1557758686832,0.28,ON_FOOT
1557758686832,0.28,WALKING
1557758686832,0.21,UNKNOWN
1557758686832,0.18,STILL
1557758686832,0.12,IN_VEHICLE
1557758686832,0.06,ON_BICYCLE
1557758686832,0.05,RUNNING
1557758692050,0.84,ON_FOOT
1557758692050,0.84,WALKING
1557758692050,0.07,STILL
1557758692050,0.04,IN_VEHICLE
1557758692050,0.02,UNKNOWN
1557758692050,0.01,ON_BICYCLE
1557758706224,0.35,ON_FOOT
1557758706224,0.35,WALKING
1557758706224,0.27,UNKNOWN
1557758706224,0.09,STILL
1557758706224,0.08,IN_VEHICLE
1557758706224,0.07,ON_BICYCLE
1557758706224,0.07,RUNNING
1557758727024,0.4,UNKNOWN
1557758727024,0.1,IN_VEHICLE
1557758727024,0.1,ON_BICYCLE
1557758727024,0.1,ON_FOOT
1557758727024,0.1,STILL
1557758727024,0.1,WALKING
1557758727024,0.1,RUNNING
1557758742171,0.31,UNKNOWN
1557758742171,0.22,STILL
1557758742171,0.12,IN_VEHICLE
1557758742171,0.09,ON_FOOT
1557758742171,0.09,WALKING
1557758742171,0.08,ON_BICYCLE
1557758742171,0.08,RUNNING
1557758747715,0.31,UNKNOWN
1557758747715,0.18,STILL
1557758747715,0.15,IN_VEHICLE
1557758747715,0.09,ON_BICYCLE
1557758747715,0.09,ON_FOOT
1557758747715,0.09,WALKING
1557758747715,0.08,RUNNING
1557758752841,0.31,UNKNOWN
1557758752841,0.16,STILL
1557758752841,0.15,IN_VEHICLE
1557758752841,0.13,ON_FOOT
1557758752841,0.13,WALKING
1557758752841,0.08,ON_BICYCLE
1557758752841,0.08,RUNNING
1557758762854,1.0,TILTING
1557758772866,0.54,STILL
1557758772866,0.11,ON_BICYCLE
1557758772866,0.11,UNKNOWN
1557758772866,0.09,IN_VEHICLE
1557758772866,0.06,ON_FOOT
1557758772866,0.06,WALKING
1557758772866,0.03,RUNNING
1557758788102,1.0,STILL
1557758803331,0.49,STILL
1557758803331,0.21,UNKNOWN
1557758803331,0.08,IN_VEHICLE
1557758803331,0.08,ON_FOOT
1557758803331,0.08,WALKING
1557758803331,0.05,ON_BICYCLE
1557758803331,0.05,RUNNING
1557758818476,0.33,STILL
1557758818476,0.28,IN_VEHICLE
1557758818476,0.18,ON_FOOT
1557758818476,0.18,WALKING
1557758818476,0.03,ON_BICYCLE
1557758818476,0.02,UNKNOWN
1557758835287,0.33,STILL
1557758835287,0.27,UNKNOWN
1557758835287,0.11,ON_FOOT
1557758835287,0.11,WALKING
1557758835287,0.08,IN_VEHICLE
1557758835287,0.07,ON_BICYCLE
1557758835287,0.07,RUNNING
1557758850529,0.4,UNKNOWN
1557758850529,0.1,IN_VEHICLE
1557758850529,0.1,ON_BICYCLE
1557758850529,0.1,ON_FOOT
1557758850529,0.1,STILL
1557758850529,0.1,WALKING
1557758850529,0.1,RUNNING
1557758863448,0.4,UNKNOWN
1557758863448,0.1,IN_VEHICLE
1557758863448,0.1,ON_BICYCLE
1557758863448,0.1,ON_FOOT
1557758863448,0.1,STILL
1557758863448,0.1,WALKING
1557758863448,0.1,RUNNING
1557758884718,0.31,UNKNOWN
1557758884718,0.16,STILL
1557758884718,0.15,IN_VEHICLE
1557758884718,0.12,ON_FOOT
1557758884718,0.12,WALKING
1557758884718,0.08,ON_BICYCLE
1557758884718,0.08,RUNNING
1557758910341,0.31,UNKNOWN
1557758910341,0.21,STILL
1557758910341,0.15,ON_FOOT
1557758910341,0.15,WALKING
1557758910341,0.1,IN_VEHICLE
1557758910341,0.08,ON_BICYCLE
1557758910341,0.08,RUNNING
1557758925559,0.38,ON_FOOT
1557758925559,0.38,WALKING
1557758925559,0.25,STILL
1557758925559,0.12,IN_VEHICLE
1557758925559,0.12,UNKNOWN
1557758925559,0.03,ON_BICYCLE
1557758925559,0.03,RUNNING
1557758930919,0.44,ON_FOOT
1557758930919,0.44,WALKING
1557758930919,0.21,UNKNOWN
1557758930919,0.1,IN_VEHICLE
1557758930919,0.08,STILL
1557758930919,0.05,ON_BICYCLE
1557758930919,0.05,RUNNING
1557758939614,0.46,ON_FOOT
1557758939614,0.46,WALKING
1557758939614,0.21,UNKNOWN
1557758939614,0.09,STILL
1557758939614,0.07,IN_VEHICLE
1557758939614,0.05,ON_BICYCLE
1557758939614,0.05,RUNNING
1557758966652,0.3,STILL
1557758966652,0.22,IN_VEHICLE
1557758966652,0.17,UNKNOWN
1557758966652,0.11,ON_FOOT
1557758966652,0.11,WALKING
1557758966652,0.05,ON_BICYCLE
1557758966652,0.04,RUNNING
1557758981840,0.45,STILL
1557758981840,0.26,IN_VEHICLE
1557758981840,0.09,ON_FOOT
1557758981840,0.09,WALKING
1557758981840,0.02,ON_BICYCLE
1557758981840,0.02,UNKNOWN
1557758996992,0.4,STILL
1557758996992,0.28,IN_VEHICLE
1557758996992,0.17,ON_FOOT
1557758996992,0.17,WALKING
1557758996992,0.03,ON_BICYCLE
1557758996992,0.02,UNKNOWN
1557759004851,1.0,TILTING
1557759012710,1.0,STILL
1557759028388,1.0,STILL
1557759043817,1.0,STILL
1557759059033,1.0,STILL
1557759074154,1.0,STILL
1557759089265,1.0,STILL
1557759104349,1.0,STILL
1557759119511,1.0,STILL
1557759134676,1.0,STILL
1557759149906,1.0,STILL
1557759164988,1.0,STILL
1557759180176,1.0,STILL
1557759195293,1.0,STILL
1557759210411,1.0,STILL
1557759225638,1.0,STILL
1557759240822,1.0,STILL
1557759255718,1.0,STILL
1557759270922,0.91,STILL
1557759270922,0.06,ON_BICYCLE
1557759270922,0.02,UNKNOWN
1557759270922,0.01,ON_FOOT
1557759270922,0.01,WALKING
1557759286226,1.0,STILL
1557759301441,1.0,STILL
1557759316594,1.0,STILL
1557759331717,1.0,STILL
1557759346996,0.33,ON_FOOT
1557759346996,0.33,WALKING
1557759346996,0.21,UNKNOWN
1557759346996,0.13,STILL
1557759346996,0.12,IN_VEHICLE
1557759346996,0.08,ON_BICYCLE
1557759346996,0.05,RUNNING
1557759368170,0.91,ON_FOOT
1557759368170,0.91,WALKING
1557759368170,0.04,STILL
1557759368170,0.03,IN_VEHICLE
1557759368170,0.01,ON_BICYCLE
1557759382308,0.98,ON_FOOT
1557759382308,0.98,WALKING
1557759382308,0.02,UNKNOWN
1557759397881,0.98,ON_FOOT
1557759397881,0.98,WALKING
1557759397881,0.02,UNKNOWN
1557759413271,0.97,ON_FOOT
1557759413271,0.97,WALKING
1557759413271,0.02,UNKNOWN
1557759413271,0.01,STILL
1557759424442,0.99,ON_FOOT
1557759424442,0.99,WALKING
1557759424442,0.01,UNKNOWN
1557759431991,1.0,TILTING
1557759439540,0.98,ON_FOOT
1557759439540,0.98,WALKING
1557759439540,0.02,UNKNOWN
1557759448324,1.0,TILTING
1557759457108,0.4,UNKNOWN
1557759457108,0.1,IN_VEHICLE
1557759457108,0.1,ON_BICYCLE
1557759457108,0.1,ON_FOOT
1557759457108,0.1,STILL
1557759457108,0.1,WALKING
1557759457108,0.1,RUNNING
1557759467281,0.5,UNKNOWN
1557759467281,0.16,ON_BICYCLE
1557759467281,0.07,ON_FOOT
1557759467281,0.07,WALKING
1557759467281,0.03,IN_VEHICLE
1557759467281,0.03,STILL
1557759467281,0.03,RUNNING
1557759474233,1.0,TILTING
1557759481184,0.97,ON_FOOT
1557759481184,0.97,WALKING
1557759481184,0.02,UNKNOWN
1557759481184,0.01,ON_BICYCLE
1557759489459,1.0,TILTING
1557759497733,0.35,ON_FOOT
1557759497733,0.35,WALKING
1557759497733,0.28,UNKNOWN
1557759497733,0.1,ON_BICYCLE
1557759497733,0.07,IN_VEHICLE
1557759497733,0.07,STILL
1557759497733,0.07,RUNNING
1557759506625,0.66,STILL
1557759506625,0.19,IN_VEHICLE
1557759506625,0.08,ON_FOOT
1557759506625,0.08,WALKING
1557759506625,0.02,UNKNOWN
1557759506625,0.01,ON_BICYCLE
1557759521809,0.91,STILL
1557759521809,0.04,IN_VEHICLE
1557759521809,0.02,ON_FOOT
1557759521809,0.02,UNKNOWN
1557759521809,0.02,WALKING
1557759536962,0.51,STILL
1557759536962,0.21,UNKNOWN
1557759536962,0.07,IN_VEHICLE
1557759536962,0.07,ON_FOOT
1557759536962,0.07,WALKING
1557759536962,0.05,ON_BICYCLE
1557759536962,0.05,RUNNING
1557759552104,0.93,STILL
1557759552104,0.04,ON_FOOT
1557759552104,0.04,WALKING
1557759552104,0.02,UNKNOWN
1557759552104,0.01,IN_VEHICLE
1557759567271,0.67,STILL
1557759567271,0.32,ON_FOOT
1557759567271,0.32,WALKING
1557759567271,0.01,UNKNOWN
1557759582421,1.0,STILL
1557759597479,0.46,STILL
1557759597479,0.21,UNKNOWN
1557759597479,0.12,IN_VEHICLE
1557759597479,0.07,ON_FOOT
1557759597479,0.07,WALKING
1557759597479,0.06,ON_BICYCLE
1557759597479,0.05,RUNNING
1557759613545,0.82,STILL
1557759613545,0.06,IN_VEHICLE
1557759613545,0.06,ON_FOOT
1557759613545,0.06,WALKING
1557759613545,0.02,ON_BICYCLE
1557759613545,0.02,UNKNOWN
1557759621099,1.0,TILTING
1557759628653,0.28,STILL
1557759628653,0.21,UNKNOWN
1557759628653,0.16,IN_VEHICLE
1557759628653,0.1,ON_FOOT
1557759628653,0.1,WALKING
1557759628653,0.07,ON_BICYCLE
1557759628653,0.05,RUNNING
1557759643867,0.48,STILL
1557759643867,0.35,IN_VEHICLE
1557759643867,0.06,ON_FOOT
1557759643867,0.06,WALKING
1557759643867,0.02,ON_BICYCLE
1557759643867,0.02,UNKNOWN
1557759658983,0.82,STILL
1557759658983,0.08,IN_VEHICLE
1557759658983,0.04,ON_FOOT
1557759658983,0.04,WALKING
1557759658983,0.01,ON_BICYCLE
1557759658983,0.01,UNKNOWN
1557759674134,0.67,STILL
1557759674134,0.14,IN_VEHICLE
1557759674134,0.06,ON_FOOT
1557759674134,0.06,WALKING
1557759674134,0.02,ON_BICYCLE
1557759674134,0.01,UNKNOWN
1557759689328,0.67,STILL
1557759689328,0.18,IN_VEHICLE
1557759689328,0.03,ON_FOOT
1557759689328,0.03,WALKING
1557759689328,0.01,ON_BICYCLE
1557759689328,0.01,UNKNOWN
1557759704408,0.64,STILL
1557759704408,0.17,IN_VEHICLE
1557759704408,0.05,ON_FOOT
1557759704408,0.05,WALKING
1557759704408,0.02,UNKNOWN
1557759704408,0.01,ON_BICYCLE
1557759719572,0.36,STILL
1557759719572,0.21,UNKNOWN
1557759719572,0.15,IN_VEHICLE
1557759719572,0.06,ON_BICYCLE
1557759719572,0.06,ON_FOOT
1557759719572,0.06,WALKING
1557759719572,0.05,RUNNING
1557759734891,0.4,STILL
1557759734891,0.24,ON_FOOT
1557759734891,0.24,WALKING
1557759734891,0.17,IN_VEHICLE
1557759734891,0.02,ON_BICYCLE
1557759734891,0.02,UNKNOWN
1557759750161,0.49,STILL
1557759750161,0.21,IN_VEHICLE
1557759750161,0.11,ON_FOOT
1557759750161,0.11,WALKING
1557759750161,0.03,UNKNOWN
1557759750161,0.02,ON_BICYCLE
1557759765432,0.28,UNKNOWN
1557759765432,0.17,STILL
1557759765432,0.16,IN_VEHICLE
1557759765432,0.14,ON_FOOT
1557759765432,0.14,WALKING
1557759765432,0.07,ON_BICYCLE
1557759765432,0.07,RUNNING
1557759780564,0.39,STILL
1557759780564,0.2,ON_FOOT
1557759780564,0.2,WALKING
1557759780564,0.19,IN_VEHICLE
1557759780564,0.09,ON_BICYCLE
1557759780564,0.02,UNKNOWN
1557759780564,0.0,RUNNING
1557759788149,1.0,TILTING
1557759795733,0.8,STILL
1557759795733,0.07,IN_VEHICLE
1557759795733,0.07,ON_FOOT
1557759795733,0.07,WALKING
1557759795733,0.02,ON_BICYCLE
1557759795733,0.01,UNKNOWN
1557759816539,1.0,STILL
1557759831640,0.92,STILL
1557759831640,0.06,ON_FOOT
1557759831640,0.06,WALKING
1557759831640,0.01,IN_VEHICLE
1557759831640,0.01,UNKNOWN
1557759846719,1.0,STILL
1557759861854,0.96,STILL
1557759861854,0.02,ON_FOOT
1557759861854,0.02,UNKNOWN
1557759861854,0.02,WALKING
1557759877027,1.0,STILL
1557759892174,1.0,STILL
1557759907308,0.82,STILL
1557759907308,0.14,ON_FOOT
1557759907308,0.14,WALKING
1557759907308,0.02,UNKNOWN
1557759907308,0.01,IN_VEHICLE
1557759907308,0.01,ON_BICYCLE
1557759922450,1.0,STILL
1557759937637,0.75,STILL
1557759937637,0.12,ON_FOOT
1557759937637,0.12,WALKING
1557759937637,0.08,IN_VEHICLE
1557759937637,0.03,ON_BICYCLE
1557759937637,0.01,UNKNOWN
1557759952764,1.0,STILL
1557759968026,1.0,STILL
1557759983171,0.61,STILL
1557759983171,0.36,ON_FOOT
1557759983171,0.36,WALKING
1557759983171,0.02,UNKNOWN
1557759983171,0.01,IN_VEHICLE
1557759998520,0.6,STILL
1557759998520,0.4,ON_FOOT
1557759998520,0.4,WALKING
1557760013633,1.0,STILL
1557760028790,0.97,STILL
1557760028790,0.02,ON_FOOT
1557760028790,0.02,WALKING
1557760028790,0.01,UNKNOWN
1557760043940,1.0,STILL
1557760059104,1.0,STILL
1557760074245,1.0,STILL
1557760089379,1.0,STILL
1557760104517,1.0,STILL
1557760119573,1.0,STILL
1557760134726,1.0,STILL
1557760149960,1.0,STILL
1557760165088,1.0,STILL
1557760180246,0.92,STILL
1557760180246,0.05,ON_FOOT
1557760180246,0.05,WALKING
1557760180246,0.02,UNKNOWN
1557760180246,0.01,IN_VEHICLE
1557760195394,1.0,STILL
1557760210541,1.0,STILL
1557760225687,0.89,STILL
1557760225687,0.05,ON_FOOT
1557760225687,0.05,WALKING
1557760225687,0.02,IN_VEHICLE
1557760225687,0.02,UNKNOWN
1557760225687,0.01,ON_BICYCLE
1557760240950,1.0,STILL
1557760256494,0.92,STILL
1557760256494,0.04,ON_FOOT
1557760256494,0.04,WALKING
1557760256494,0.01,IN_VEHICLE
1557760256494,0.01,ON_BICYCLE
1557760256494,0.01,UNKNOWN
1557760271669,1.0,STILL
1557760286817,1.0,STILL
1557761361289,1.0,STILL
1557763106651,1.0,TILTING
1557764852013,0.89,ON_FOOT
1557764852013,0.89,WALKING
1557764852013,0.03,STILL
1557764852013,0.02,ON_BICYCLE
1557764852013,0.02,UNKNOWN
1557764852013,0.02,RUNNING
1557764852013,0.01,IN_VEHICLE
1557764863336,1.0,TILTING
1557764874658,0.51,ON_FOOT
1557764874658,0.51,WALKING
1557764874658,0.22,UNKNOWN
1557764874658,0.06,IN_VEHICLE
1557764874658,0.06,ON_BICYCLE
1557764874658,0.06,STILL
1557764874658,0.05,RUNNING
1557764882269,1.0,TILTING
1557764889880,0.98,ON_FOOT
1557764889880,0.98,WALKING
1557764889880,0.01,STILL
1557764889880,0.01,UNKNOWN
1557764905948,0.98,ON_FOOT
1557764905948,0.98,WALKING
1557764905948,0.02,UNKNOWN
1557764941242,0.94,ON_FOOT
1557764941242,0.94,WALKING
1557764941242,0.02,ON_BICYCLE
1557764941242,0.02,STILL
1557764941242,0.02,UNKNOWN
1557764956983,0.96,ON_FOOT
1557764956983,0.96,WALKING
1557764956983,0.02,UNKNOWN
1557764956983,0.01,ON_BICYCLE
1557764956983,0.01,STILL
1557764972994,0.98,ON_FOOT
1557764972994,0.98,WALKING
1557764972994,0.01,STILL
1557764972994,0.01,UNKNOWN
1557764988968,0.83,ON_FOOT
1557764988968,0.83,WALKING
1557764988968,0.15,STILL
1557764988968,0.01,IN_VEHICLE
1557764988968,0.01,UNKNOWN
1557765014945,0.33,ON_FOOT
1557765014945,0.33,WALKING
1557765014945,0.27,UNKNOWN
1557765014945,0.11,STILL
1557765014945,0.08,IN_VEHICLE
1557765014945,0.07,ON_BICYCLE
1557765014945,0.07,RUNNING
1557765076393,0.32,ON_FOOT
1557765076393,0.32,WALKING
1557765076393,0.3,UNKNOWN
1557765076393,0.08,IN_VEHICLE
1557765076393,0.08,ON_BICYCLE
1557765076393,0.08,STILL
1557765076393,0.08,RUNNING
1557765091546,0.92,ON_FOOT
1557765091546,0.92,WALKING
1557765091546,0.03,STILL
1557765091546,0.03,UNKNOWN
1557765091546,0.01,IN_VEHICLE
1557765091546,0.01,ON_BICYCLE
1557765106666,0.95,ON_FOOT
1557765106666,0.95,WALKING
1557765106666,0.02,STILL
1557765106666,0.02,UNKNOWN
1557765106666,0.01,IN_VEHICLE
1557765114748,1.0,TILTING
1557765122829,0.82,ON_FOOT
1557765122829,0.82,WALKING
1557765122829,0.08,STILL
1557765122829,0.03,IN_VEHICLE
1557765122829,0.02,ON_BICYCLE
1557765122829,0.02,UNKNOWN
1557765122829,0.01,RUNNING
1557765137941,0.29,STILL
1557765137941,0.21,UNKNOWN
1557765137941,0.19,IN_VEHICLE
1557765137941,0.09,ON_FOOT
1557765137941,0.09,WALKING
1557765137941,0.06,ON_BICYCLE
1557765137941,0.05,RUNNING
1557765153074,0.3,UNKNOWN
1557765153074,0.16,STILL
1557765153074,0.14,ON_FOOT
1557765153074,0.14,WALKING
1557765153074,0.12,IN_VEHICLE
1557765153074,0.11,ON_BICYCLE
1557765153074,0.08,RUNNING
1557765168191,0.45,STILL
1557765168191,0.25,ON_BICYCLE
1557765168191,0.11,UNKNOWN
1557765168191,0.08,IN_VEHICLE
1557765168191,0.05,ON_FOOT
1557765168191,0.05,WALKING
1557765168191,0.03,RUNNING
1557765183272,1.0,STILL
1557765198350,1.0,STILL
1557765213458,1.0,STILL
1557765227419,1.0,STILL
1557765245978,0.91,STILL
1557765245978,0.04,ON_FOOT
1557765245978,0.04,WALKING
1557765245978,0.02,ON_BICYCLE
1557765245978,0.01,IN_VEHICLE
1557765245978,0.01,UNKNOWN
1557765264541,1.0,STILL
1557765279644,0.46,IN_VEHICLE
1557765279644,0.28,ON_FOOT
1557765279644,0.28,WALKING
1557765279644,0.11,UNKNOWN
1557765279644,0.05,STILL
1557765279644,0.03,ON_BICYCLE
1557765279644,0.03,RUNNING
1557765294790,0.4,UNKNOWN
1557765294790,0.1,IN_VEHICLE
1557765294790,0.1,ON_BICYCLE
1557765294790,0.1,ON_FOOT
1557765294790,0.1,STILL
1557765294790,0.1,WALKING
1557765294790,0.1,RUNNING
1557765302345,1.0,TILTING
1557765309899,0.53,ON_FOOT
1557765309899,0.53,WALKING
1557765309899,0.21,UNKNOWN
1557765309899,0.06,ON_BICYCLE
1557765309899,0.05,IN_VEHICLE
1557765309899,0.05,STILL
1557765309899,0.05,RUNNING
1557765325054,0.89,ON_FOOT
1557765325054,0.89,WALKING
1557765325054,0.05,ON_BICYCLE
1557765325054,0.02,STILL
1557765325054,0.02,UNKNOWN
1557765325054,0.01,IN_VEHICLE
1557765325054,0.01,RUNNING
1557765342153,0.54,ON_FOOT
1557765342153,0.54,WALKING
1557765342153,0.21,UNKNOWN
1557765342153,0.06,IN_VEHICLE
1557765342153,0.05,ON_BICYCLE
1557765342153,0.05,STILL
1557765342153,0.05,RUNNING
1557765357273,0.96,ON_FOOT
1557765357273,0.96,WALKING
1557765357273,0.02,UNKNOWN
1557765357273,0.01,ON_BICYCLE
1557765357273,0.01,STILL
1557765372404,0.96,ON_FOOT
1557765372404,0.96,WALKING
1557765372404,0.03,IN_VEHICLE
1557765372404,0.01,UNKNOWN
1557765387570,0.98,ON_FOOT
1557765387570,0.98,WALKING
1557765387570,0.02,UNKNOWN
1557765402713,1.0,ON_FOOT
1557765402713,1.0,WALKING
1557765417842,0.96,ON_FOOT
1557765417842,0.96,WALKING
1557765417842,0.03,UNKNOWN
1557765417842,0.01,ON_BICYCLE
1557765432916,0.97,ON_FOOT
1557765432916,0.97,WALKING
1557765432916,0.02,IN_VEHICLE
1557765432916,0.01,UNKNOWN
1557765447975,0.99,ON_FOOT
1557765447975,0.99,WALKING
1557765447975,0.01,UNKNOWN
1557765463054,0.97,ON_FOOT
1557765463054,0.97,WALKING
1557765463054,0.02,UNKNOWN
1557765463054,0.01,IN_VEHICLE
1557765478135,0.99,ON_FOOT
1557765478135,0.99,WALKING
1557765478135,0.01,UNKNOWN
1557765493249,0.99,ON_FOOT
1557765493249,0.99,WALKING
1557765493249,0.01,UNKNOWN
1557765508345,0.98,ON_FOOT
1557765508345,0.98,WALKING
1557765508345,0.01,ON_BICYCLE
1557765508345,0.01,UNKNOWN
1557765523478,0.92,ON_FOOT
1557765523478,0.92,WALKING
1557765523478,0.03,ON_BICYCLE
1557765523478,0.02,IN_VEHICLE
1557765523478,0.02,STILL
1557765523478,0.01,UNKNOWN
1557765538651,0.54,ON_FOOT
1557765538651,0.54,WALKING
1557765538651,0.21,UNKNOWN
1557765538651,0.06,ON_BICYCLE
1557765538651,0.06,STILL
1557765538651,0.05,IN_VEHICLE
1557765538651,0.05,RUNNING
1557765553816,0.97,ON_FOOT
1557765553816,0.97,WALKING
1557765553816,0.02,UNKNOWN
1557765553816,0.01,STILL
1557765568888,0.44,ON_FOOT
1557765568888,0.44,WALKING
1557765568888,0.21,UNKNOWN
1557765568888,0.16,ON_BICYCLE
1557765568888,0.05,IN_VEHICLE
1557765568888,0.05,STILL
1557765568888,0.05,RUNNING
1557765584004,0.99,ON_FOOT
1557765584004,0.99,WALKING
1557765584004,0.01,UNKNOWN
1557765599164,0.87,ON_FOOT
1557765599164,0.87,WALKING
1557765599164,0.11,IN_VEHICLE
1557765599164,0.02,UNKNOWN
1557765614258,0.52,ON_FOOT
1557765614258,0.52,WALKING
1557765614258,0.21,UNKNOWN
1557765614258,0.07,IN_VEHICLE
1557765614258,0.06,ON_BICYCLE
1557765614258,0.06,STILL
1557765614258,0.05,RUNNING
1557765630948,0.46,ON_FOOT
1557765630948,0.46,WALKING
1557765630948,0.21,UNKNOWN
1557765630948,0.13,ON_BICYCLE
1557765630948,0.06,STILL
1557765630948,0.06,RUNNING
1557765630948,0.05,IN_VEHICLE
1557765646063,0.84,ON_FOOT
1557765646063,0.84,WALKING
1557765646063,0.07,ON_BICYCLE
1557765646063,0.06,IN_VEHICLE
1557765646063,0.02,STILL
1557765646063,0.01,UNKNOWN
1557765657180,1.0,TILTING
1557765668297,0.54,ON_FOOT
1557765668297,0.54,WALKING
1557765668297,0.21,UNKNOWN
1557765668297,0.06,STILL
1557765668297,0.05,IN_VEHICLE
1557765668297,0.05,ON_BICYCLE
1557765668297,0.05,RUNNING
1557765683422,0.4,UNKNOWN
1557765683422,0.1,IN_VEHICLE
1557765683422,0.1,ON_BICYCLE
1557765683422,0.1,ON_FOOT
1557765683422,0.1,STILL
1557765683422,0.1,WALKING
1557765683422,0.1,RUNNING
1557765698493,0.53,STILL
1557765698493,0.21,UNKNOWN
1557765698493,0.06,IN_VEHICLE
1557765698493,0.05,ON_BICYCLE
1557765698493,0.05,ON_FOOT
1557765698493,0.05,WALKING
1557765698493,0.05,RUNNING
1557765706729,1.0,TILTING
1557765714964,0.48,ON_FOOT
1557765714964,0.48,WALKING
1557765714964,0.21,UNKNOWN
1557765714964,0.07,IN_VEHICLE
1557765714964,0.07,STILL
1557765714964,0.06,ON_BICYCLE
1557765714964,0.06,RUNNING
1557765739561,1.0,TILTING
1557765764157,1.0,STILL
1557765779289,1.0,STILL
1557765794985,1.0,STILL
1557765810990,1.0,STILL
1557765827977,0.83,STILL
1557765827977,0.12,ON_BICYCLE
1557765827977,0.03,IN_VEHICLE
1557765827977,0.01,ON_FOOT
1557765827977,0.01,UNKNOWN
1557765827977,0.01,WALKING
1557765843098,1.0,STILL
1557765860031,0.9,STILL
1557765860031,0.04,ON_FOOT
1557765860031,0.04,WALKING
1557765860031,0.03,IN_VEHICLE
1557765860031,0.02,ON_BICYCLE
1557765860031,0.01,UNKNOWN
1557765876002,0.74,STILL
1557765876002,0.23,ON_FOOT
1557765876002,0.23,WALKING
1557765876002,0.02,UNKNOWN
1557765876002,0.01,ON_BICYCLE
1557765883534,1.0,TILTING
1557765891066,0.57,STILL
1557765891066,0.21,IN_VEHICLE
1557765891066,0.06,ON_FOOT
1557765891066,0.06,WALKING
1557765891066,0.02,UNKNOWN
1557765891066,0.01,ON_BICYCLE
1557765898638,1.0,TILTING
1557765906210,0.95,STILL
1557765906210,0.04,ON_FOOT
1557765906210,0.04,WALKING
1557765906210,0.01,UNKNOWN
1557765921324,1.0,STILL
1557765936945,1.0,STILL
1557765971575,1.0,STILL
1557765991382,1.0,STILL
1557766006741,1.0,STILL
1557766021803,0.31,UNKNOWN
1557766021803,0.27,ON_FOOT
1557766021803,0.27,WALKING
1557766021803,0.1,STILL
1557766021803,0.09,IN_VEHICLE
1557766021803,0.08,ON_BICYCLE
1557766021803,0.08,RUNNING
1557766036933,0.89,STILL
1557766036933,0.05,IN_VEHICLE
1557766036933,0.01,ON_FOOT
1557766036933,0.01,WALKING
1557766036933,0.0,ON_BICYCLE
1557766052968,1.0,STILL
1557766069010,1.0,STILL
1557766084965,1.0,STILL
1557766100973,1.0,STILL
1557766116043,1.0,STILL
1557766131980,1.0,STILL
1557766146505,0.87,STILL
1557766146505,0.07,ON_FOOT
1557766146505,0.07,WALKING
1557766146505,0.02,IN_VEHICLE
1557766146505,0.01,ON_BICYCLE
1557766146505,0.01,UNKNOWN
1557766162502,1.0,STILL
1557766181371,1.0,STILL
1557766199905,1.0,STILL
1557766215990,1.0,STILL
1557766251378,1.0,STILL
1557766271393,1.0,STILL
1557766286965,1.0,STILL
1557766322364,0.75,STILL
1557766322364,0.09,IN_VEHICLE
1557766322364,0.06,ON_FOOT
1557766322364,0.06,WALKING
1557766322364,0.02,ON_BICYCLE
1557766340903,0.69,STILL
1557766340903,0.16,IN_VEHICLE
1557766340903,0.03,ON_BICYCLE
1557766340903,0.03,ON_FOOT
1557766340903,0.03,WALKING
1557766340903,0.01,UNKNOWN
1557766364807,0.57,STILL
1557766364807,0.19,ON_FOOT
1557766364807,0.19,WALKING
1557766364807,0.17,IN_VEHICLE
1557766364807,0.02,ON_BICYCLE
1557766364807,0.02,UNKNOWN
1557766379922,0.34,STILL
1557766379922,0.31,IN_VEHICLE
1557766379922,0.14,ON_FOOT
1557766379922,0.14,WALKING
1557766379922,0.08,ON_BICYCLE
1557766379922,0.02,UNKNOWN
1557766379922,0.01,RUNNING
1557766395032,0.27,UNKNOWN
1557766395032,0.17,STILL
1557766395032,0.16,IN_VEHICLE
1557766395032,0.14,ON_FOOT
1557766395032,0.14,WALKING
1557766395032,0.08,ON_BICYCLE
1557766395032,0.07,RUNNING
1557766410114,0.3,UNKNOWN
1557766410114,0.2,STILL
1557766410114,0.12,IN_VEHICLE
1557766410114,0.11,ON_FOOT
1557766410114,0.11,WALKING
1557766410114,0.08,ON_BICYCLE
1557766410114,0.08,RUNNING
1557766425183,0.71,STILL
1557766425183,0.11,UNKNOWN
1557766425183,0.08,ON_FOOT
1557766425183,0.08,WALKING
1557766425183,0.03,IN_VEHICLE
1557766425183,0.03,ON_BICYCLE
1557766425183,0.03,RUNNING
1557766444684,0.42,STILL
1557766444684,0.21,UNKNOWN
1557766444684,0.11,ON_FOOT
1557766444684,0.11,WALKING
1557766444684,0.09,IN_VEHICLE
1557766444684,0.07,ON_BICYCLE
1557766444684,0.05,RUNNING
1557766463223,1.0,STILL
1557766481759,1.0,STILL
1557766496884,1.0,STILL
1557766510820,1.0,STILL
1557766529373,1.0,STILL
1557766553259,0.53,STILL
1557766553259,0.21,UNKNOWN
1557766553259,0.07,ON_BICYCLE
1557766553259,0.06,ON_FOOT
1557766553259,0.06,WALKING
1557766553259,0.05,IN_VEHICLE
1557766553259,0.05,RUNNING
1557766568476,1.0,STILL
1557766583551,1.0,STILL
1557766598712,1.0,STILL
1557766613783,1.0,STILL
1557766628881,1.0,STILL
1557766643962,1.0,STILL
1557766659171,1.0,STILL
1557766674256,1.0,STILL
1557766689464,1.0,STILL
1557766704525,1.0,STILL
1557766719608,1.0,STILL
1557766734687,1.0,STILL
1557766750123,1.0,STILL
1557766765211,1.0,STILL
1557766780409,1.0,STILL
1557766795483,1.0,STILL
1557766810574,1.0,STILL
1557766825657,1.0,STILL
1557766840767,1.0,STILL
1557766855864,1.0,STILL
1557766870964,1.0,STILL
1557766886061,1.0,STILL
1557766901185,1.0,STILL
1557766916247,1.0,STILL
1557767934727,1.0,TILTING
1557768953206,0.28,STILL
1557768953206,0.21,UNKNOWN
1557768953206,0.16,IN_VEHICLE
1557768953206,0.15,ON_FOOT
1557768953206,0.15,WALKING
1557768953206,0.07,ON_BICYCLE
1557768953206,0.05,RUNNING
1557768971779,0.79,STILL
1557768971779,0.09,ON_FOOT
1557768971779,0.09,WALKING
1557768971779,0.06,IN_VEHICLE
1557768971779,0.02,ON_BICYCLE
1557768971779,0.01,UNKNOWN
1557770131420,0.55,STILL
1557770131420,0.2,UNKNOWN
1557770131420,0.05,IN_VEHICLE
1557770131420,0.05,ON_BICYCLE
1557770131420,0.05,ON_FOOT
1557770131420,0.05,WALKING
1557770131420,0.05,RUNNING
1557770149974,1.0,STILL
1557777668793,1.0,STILL
1557784636474,1.0,STILL
